-32.13670197181095 0
-26.70790130828415 0
-26.96253302619005 0
-10.353475333210872 0
-22.745524189095512 0
-22.745524189095512 0
-24.715058300895425 0
-25.937205175069913 0
-25.54279673859919 0
-21.285349847957438 0
-30.58270702336935 0
-14.258632816968444 0
-12.181542185390398 0
-18.74096273707629 0
-22.57934827795794 0
-30.05376777328864 0
-20.128010004416478 0
-25.80791618748499 0
-31.83115161876841 0
-24.17125021672992 0
-25.294006087193342 0
-28.241748095285836 0
-28.241748095285836 0
-26.906001568161706 0
-27.499226216957055 0
-17.405134857429257 0
-29.572256135257426 0
-27.483534386647616 0
-24.106084408982284 0
-27.838430731421116 0
-21.940991643535416 0
-19.085634849540195 0
-28.977156880661155 0
-29.875234095377685 0
-31.464071692639525 0
-19.876798520987744 0
-11.823302820897112 0
-25.627267720388936 0
-23.97599951475161 0
-16.828004453116044 0
-27.409420496190563 0
-25.05031271428003 0
-22.3137858419468 0
-19.09056948644596 0
-31.648373028629603 0
-19.917432118208314 0
-19.917432118208314 0
-25.74905689030721 0
-22.40944170728047 0
-28.186832662027964 0
-30.37665498324732 0
-29.53298418275355 0
-21.231268176600985 0
-19.15907320047902 0
-24.37463202715001 0
-23.200380193364033 0
-20.52837223611668 0
-25.987384813551483 0
-12.931286359367542 0
-28.346211678142804 0
-19.177069417634826 0
-23.720556115236214 0
-28.41863042403738 0
-19.287580130606692 0
-34.240926270530814 0
-25.077279223260298 0
-30.324501931666006 0
-30.56733817290687 0
-26.97591017147402 0
-27.750902173300762 0
-21.343983882930036 0
-18.74484912674585 0
-24.621061537035033 0
-23.98576012879146 0
-25.079140833345416 0
-17.88356178875101 0
-26.081674077269412 0
-25.76856234139922 0
-19.499494353303362 0
-9.05253442118703 0
-10.313864848456916 0
-25.504458125327243 0
-22.897873311375626 0
-24.077061920690152 0
-33.15233898667352 0
-17.487958214250295 0
-22.813403941120313 0
-23.380924725714692 0
-22.328336458850902 0
-21.599849360676874 0
-20.336248573408586 0
-26.68376717321957 0
-20.332234425956365 0
-25.939945174756605 0
-28.4520949341939 0
-24.79693856961847 0
-17.58801989306207 0
-28.348410118474238 0
-21.127453574712415 0
-22.782142161517026 0
-26.14315991061285 0
-19.217633940930053 0
-27.71533327598839 0
-16.94479975167325 0
-21.686338642254054 0
-27.57939621526049 0
-24.924140021831736 0
-29.358060665673147 0
-24.11063190880626 0
-26.973699038358415 1
-13.880124672220163 1
-30.28242347670602 1
-24.70201399489331 1
-0.4661001191313496 1
-32.95119694334706 1
-11.659224598264398 1
-40.20345560873538 1
-28.971941588800743 1
-27.214105601389196 1
-21.626018734358333 1
-28.65666119858471 1
-32.17642623236673 1
-27.14777556336764 1
-31.00046273738362 1
-22.044808681833917 1
-36.15837338137526 1
-33.95028612940693 1
-35.4367370623593 1
-28.99911751504744 1
8.419483940525726 1
-26.030877766668468 1
-34.046301027746814 1
-18.280267242811387 1
-24.74118632831736 1
-5.798193606699518 1
-28.164104749808768 1
-20.275043238158343 1
-28.553514755488187 1
-33.438438153038824 1
-2.985408635564236 1
-24.170048723962488 1
-16.759007814693494 1
-35.48213747490994 1
-3.967837159642079 1
-3.1633882473629793 1
-31.967526057406744 1
-23.395017717655346 1
-33.019519121154566 1
-27.298314067746187 1
-22.47730130946091 1
-25.081019599472853 1
-27.23732480560466 1
-29.947904692138927 1
-7.382352197980388 1
-24.831493321888875 1
-22.795535323024197 1
-28.83982010395248 1
-30.465283346878184 1
-28.731294411874924 1
-23.812369140078857 1
-27.438722146809123 1
-31.04991926790906 1
-27.072510177022483 1
-17.133297449722207 1
-19.653204662584187 1
-24.332708314146604 1
-31.13669064818242 1
-15.624765332183848 1
-10.95169448849116 1
-17.544439361031117 1
12.261586242323158 1
-12.811422637710129 1
-26.717575954306223 1
-38.92995716463685 1
-26.271165819212293 1
-18.657716467507548 1
-17.22854844454933 1
-22.394282338272784 1
-20.538432234905084 1
-22.609637337304846 1
-24.77132765227616 1
-31.269689379568128 1
-27.471382047775077 1
-30.396472803645523 1
-30.590754449989177 1
-27.52432925349046 1
-11.898739159101401 1
-32.529446712567314 1
-21.786869844599707 1
-22.219101661815476 1
-26.672423592340703 1
-28.41854001323386 1
-22.168477398411028 1
-23.437816233840795 1
-25.395821256874775 1
-35.66787664801018 1
-30.319726336194712 1
-22.85406539271003 1
-19.387016848891367 1
-29.65467791030151 1
-12.24562323259758 1
-28.01936577247799 1
-26.073676219729943 1
-15.93649241996336 1
-28.684180807801802 1
-40.15361826460901 1
-30.131489872314585 1
-25.715101362374487 1
-28.855008686285984 1
-7.991870758818095 1
-32.489348330651126 1
-7.714640219690053 1
-13.44320202471702 1
-26.560902019083258 1
-32.19852913962043 1
-29.343522063148917 1
-32.35518343093917 1
-35.388106665610586 1
-29.802760962754093 1
-25.54250685876357 1
-26.096422324134085 1
-18.634007810125414 1
-3.343911100982587 1
-29.72997252841323 1
-5.0978468621494555 1
7.5638442084428545 1
-26.735427924604235 1
-26.19802620274234 1
-1.3038861471409293 1
-32.39486135604629 1
-29.578305052668608 1
-24.27689061547631 1
-27.021025989477064 1
-31.59416436025669 1
-18.293860893694152 1
-24.853886558569894 1
-30.36731857562834 1
-16.046637542036066 1
-40.50635528635628 1
-11.995406977728793 1
-32.58840306806923 1
-23.234584097946993 1
-31.53698272302754 1
-22.622886513133082 1
2.0971731645036806 1
-32.440109119336846 1
-29.46636128632222 1
-20.812835937929727 1
-4.4537716544857995 1
-24.552453137678196 1
-39.771429422859114 1
-22.025637925846738 1
-31.7213560426183 1
-26.182606737941907 1
-18.203170867235624 1
-26.016989470138256 1
-28.083146711340977 1
-32.181168593208014 1
-2.9677682565030388 1
-6.035938568296344 1
-23.167933611322447 1
-29.08560099638144 1
-33.10713281285761 1
-30.791780973197813 1
-26.272040566126538 1
-24.491673880964658 1
-24.95912426668616 1
-27.117065186913624 1
-24.46847291346061 1
-30.679696190237514 1
-32.79881433708156 1
-3.3024211562595096 2
-9.12084317177326 2
-10.670803656100968 2
-14.079568409260956 2
-21.98581015204797 2
-13.558676028515634 2
-16.381772348880975 2
-13.28659092933053 2
-6.482832961065513 2
-12.155265382500497 2
14.816998546166293 2
11.75391544715145 2
10.365744666975862 2
-23.480706804636238 2
-15.757801579881628 2
5.299065812091875 2
-17.63775842411095 2
0.46057005797544265 2
-0.6258888915346521 2
-8.68539323836965 2
-9.157905402165648 2
-22.751040221935668 2
-27.3410341213386 2
-19.09095298051068 2
0.7586361569354378 2
0.7586361569354378 2
10.134966755215093 2
1.1278170363748383 2
12.966175227165527 3
-0.828079739956301 3
-7.657598052492166 3
2.304345529751619 3
-5.388653132542117 3
-6.149565797322418 3
-12.888229711481552 3
-12.83809888361407 3
3.8341666909056413 3
-26.749151544813824 3
-5.761776313262388 3
-9.639350190688958 3
40.91671887989295 3
3.306369621211044 3
2.304345529751619 3
7.018644201820472 3
-6.5771833149215215 3
0.1004889112635727 3
-6.655879316095853 3
-6.655879316095853 3
-13.093775443189227 3
-7.912675857075384 3
-19.849762922792998 3
-21.921648847549474 3
19.927588115326056 3
-8.836204248987736 3
41.665152737005585 3
-6.909891727212107 3
-7.147651682778149 3
-19.399580538599107 3
-10.785227254105857 3
-16.252828405917583 3
-1.8450563560908486 3
-1.8450563560908486 3
-1.8450563560908486 3
-1.8450563560908486 3
2.770575870319311 3
-2.5086094999303605 3
-21.11280956609516 3
-15.007857588084244 3
-14.886572441076266 3
-1.793339073906929 3
-3.4332648910818913 3
2.411552231710959 3
125.53997429326371 4
172.30856589391306 4
161.2362441790128 4
168.12418493596186 4
199.17232046438934 4
104.55621576408628 4
62.30426659635523 4
293.2050599242646 4
317.0591767711585 4
207.82337308329986 4
229.82208811760577 4
174.25429426835115 4
216.55038057231803 4
250.896370056575 4
220.20197656311677 4
87.23070388309043 4
233.34514278272948 4
253.72612055778754 4
359.3550023876203 4
178.42226500873315 4
332.6369754593416 4
79.70103970102991 4
160.53174962503596 4
159.58188556568132 4
216.0912652761933 4
290.5980834266805 4
288.03479739013363 4
23.03467194889067 4
257.32900774444914 4
169.8596383822813 4
83.45518405927929 4
159.16605092884362 4
48.43085651331474 4
127.19854884851937 4
108.6570075738971 4
186.11187298508642 4
55.09873148824204 4
155.3240515173091 4
264.5358886278533 4
219.72774965517448 4
165.8568576142496 4
118.05911776803856 4
171.03339498440212 4
149.05452869969284 4
86.91417869283245 4
360.2754014524383 4
174.84547761145717 4
238.75014814745415 4
170.08518562990398 4
81.48167967239164 4
65.4652636998949 4
107.08895714579837 4
63.717593038063285 4
112.01317832244852 4
-40.50635528635628 4
76.32010358561338 4
289.995200892538 4
236.11365386855718 4
107.57108142590478 4
159.29964061577934 4
160.50587918452035 4
101.15185214563877 4
-40.50635528635628 4
106.54315796245763 4
84.98474071029844 4
220.0905579274788 4
182.53102341381373 4
70.1441851921831 4
165.0298166507601 4
11.710697313068057 4
353.3457189809095 4
146.67509189217543 4
218.4527606828138 4
297.8986233910099 4
150.297781858519 4
186.91748868844118 4
287.01761791552167 4
153.44308272078052 4
99.77604541794544 4
265.27656884270704 4
131.949669166912 4
118.82093209205803 4
97.04849313612853 4
166.14980494833674 4
91.5019251662796 4
108.298558831481 5
48.02468337731218 5
57.15886475704058 5
101.20527198351452 5
46.86290613917075 5
79.73945811352021 5
122.07945465051814 5
40.04615776178103 5
7.888087770004328 5
57.42015413133665 5
23.195049182326347 5
15.64311566731786 5
17.713376690726644 5
12.992481443814764 5
105.38558758981937 5
-0.14727597919275284 5
29.074504310803874 5
-14.64695199440846 5
139.38334016904227 5
136.89317333185488 5
44.52965223064963 5
88.40513780219483 5
45.53198348406929 5
55.551668135013784 5
5.36748522742856 5
89.97091290334555 5
94.92038395377035 5
72.50198700236388 5
10.84790153614587 5
-20.9477244562245 5
40.39763998165175 5
26.790803826266718 5
52.642361463796284 5
86.01705864278456 5
16.81874097767945 5
90.8755491876303 5
37.37356358607993 5
79.14330977503484 5
65.35619802584984 5
49.019423873636036 5
112.3958463445652 5
16.556379890042148 5
83.80661872182476 5
83.9839592987621 5
37.42250040224202 5
123.49864720927228 5
13.725304698625244 5
54.28183184734202 5
54.20973383567656 5
46.75120940419376 5
22.25001078567868 5
129.30818410857282 5
40.776824245658474 5
70.90270228884486 5
28.840935429486624 5
20.51550639006538 5
69.5756482555723 5
45.55666675855497 5
43.39815911342836 5
112.44049773571041 5
4.501949325676121 5
8.547537001110419 5
100.99961374906458 5
16.271935073652138 5
34.51475984451903 5
64.39797711728623 5
10.067706916191984 5
56.824000756684484 5
13.36077673596579 5
98.36879472436179 5
59.172236808881806 5
26.953833537471457 5
20.279060440780047 5
36.40186086656373 5
32.14077167874484 5
89.00630101652008 5
93.04222253700988 5
59.74614836500158 5
66.59773288466177 5
89.04870774305905 5
89.04870774305905 5
113.06105480081264 5
89.39338157588892 5
105.58257263320372 5
105.58257263320372 5
48.29425673045261 5
101.86248659844902 5
-18.649122788759783 5
17.828865397585275 5
36.06026495496907 5
86.21422121407441 5
37.03318064545393 5
57.68381517337487 5
272.9900331087582 5
273.33005272130066 5
76.04555889552488 5
102.52187929471998 5
57.610927754036176 5
183.42668241014428 5
131.94782148409254 5
69.83189020127386 5
33.876354916104525 5
37.44659616162573 5
38.65554580791573 5
29.043423273832445 5
126.77441744611795 5
53.888525893418105 5
49.097102115061624 5
46.4977697178804 5
102.66982803330832 5
66.65166031177921 5
105.05077571836857 5
76.02824259089323 5
26.053504346460425 5
93.46468306454969 5
40.012168148178304 5
63.39683507928777 5
57.61331828169879 5
63.898624771571846 5
28.45763144833032 5
26.65827492606481 5
22.13861043241318 5
73.77809198543471 5
84.06394799256752 5
19.292666504438117 5
28.190092187048613 5
-40.50635528635628 5
31.253356205261948 5
92.68100047092878 5
99.93008483074054 5
64.06710257979302 5
52.40741234097588 5
0.8712869934159362 5
9.759240253674355 5
12.333116729068962 5
67.05582770743837 5
22.66438878481242 5
32.82900223913304 5
55.93825129735336 5
30.846884184116117 5
-5.985400347039845 5
22.177937017223574 5
55.44405309433065 5
26.77819376330541 5
21.868419763291413 5
12.190828460651707 5
-17.391755794170017 5
115.66447356230113 5
87.62004864006182 5
103.02703642403695 5
16.412802626574845 5
9.078320807805191 5
33.16203836861862 5
33.16203836861862 5
28.432922995980416 5
68.99049358535623 5
161.45704516268785 5
107.1150585515026 5
72.06695500974361 5
64.73514326955727 5
77.34248647093978 5
50.5652446903287 5
34.219900740457675 5
49.22109956109466 5
43.84326287071287 5
58.223187130855244 5
50.16580328903843 5
56.68462121652161 5
93.9230362844598 5
13.368503209012259 5
24.211859289126618 5
21.38460346104742 5
32.331851978319136 5
40.997466044030226 5
37.32039992032251 5
64.50458036075125 5
11.607772057083062 5
13.760241073993399 5
134.07377201545688 5
58.179597787681274 5
58.087634039689554 5
43.070836204619155 5
20.27714605099215 5
54.21001395816627 5
37.57327489006782 5
48.382359584481094 5
8.22800335901201 5
84.43809465349976 5
57.77656559479804 5
-40.50635528635628 5
-37.94823027109452 6
-32.204240507601455 6
-35.21081700991697 6
-19.207147535774954 6
-24.71098165631339 6
-26.248023641257415 6
-22.27354527156526 6
-37.3422971961564 6
-29.87820579249861 6
-28.128609418561386 6
-21.39367417335419 6
-27.63124095916672 6
-36.17429213921412 6
-25.3061802221361 6
-32.57446895729178 6
-6.289193281185902 6
-18.780204608709614 6
12.722732251033321 6
-37.82527943953798 6
-8.58240764304082 6
-29.670651006525922 6
-28.1978698818415 6
3.4705471051784484 6
-24.933720726517354 6
-31.48218457463361 6
-32.9077439969652 6
-22.270829905914464 6
-28.186565345564905 6
-31.417598972090353 6
-34.51084151450888 6
-31.89318890799989 6
-25.445266925708832 6
-27.11378023489962 6
-38.01935382825396 6
-35.99073308115117 6
-33.42181857827739 6
-26.06020973100586 6
-23.923935805537244 6
-25.042117739633643 6
-32.935265771568915 6
-29.763577046370997 6
-19.797308490353196 6
-36.47378513212801 6
-35.74674176811036 6
-10.693244034564627 6
-26.485808161335164 6
-11.46484738444025 6
-23.87470459590968 6
-19.233070394971637 6
-15.651873598677579 6
-34.05564640106586 6
-27.312652884920528 6
-29.137794829863886 6
-27.994517430773048 6
-29.8245285141287 6
-11.783801336176996 6
-37.24146797847115 6
-31.717317826640812 6
-40.50635528635628 6
-5.432975860839936 6
-1.4286332227980558 6
-21.978156824426613 6
7.842603827644347 6
-23.801127280022833 6
3.0505934033695303 6
-33.39375264677675 6
-34.92394300624414 6
-28.620254523847898 6
0.7492377343803082 6
-10.434354758408569 6
-31.456295011817087 6
-25.553267673285383 6
-26.080379662959263 6
-27.20190863642055 6
-24.15097527794885 6
-28.19084299243164 6
-30.000934590436593 6
-27.826792780131164 6
-22.45249920763251 6
-28.270664065594957 6
-21.776202728940017 6
-25.880314124348832 6
-23.318234955541485 6
-6.611795646469271 6
-32.450486558827286 6
-36.848322569147676 6
-24.02501644129827 6
-12.64886084180477 6
-33.88229475633098 6
-31.297335203322312 6
0.2506744022508277 6
-25.5532665066229 6
-36.290428805638776 6
-26.735427924604235 6
-20.61573262508451 6
-22.94402772654994 6
-17.68703957843439 6
-34.17432089102479 6
-32.962830100976255 6
-13.576974878230201 6
-15.040332523678662 6
-26.22829293699572 6
-20.15907229534405 6
-30.004443594791365 6
-33.54303736034296 6
-34.56570483231795 6
-34.020329012571835 6
-35.487382792738565 6
-33.037119448241434 6
-23.084385224915597 6
-20.96440568855465 6
-6.371455814364552 6
-7.295766151300033 6
-26.89884110229134 6
-31.500252275238793 6
-19.522314031297434 6
-29.906873447101383 6
-12.96632863026435 6
-22.9113068338511 6
4.516888974779767 6
2.533568151113371 7
3.0270164871000507 7
-20.303708312406112 7
-9.418190936475233 7
55.990848826285195 7
-17.117988505161076 7
-8.138383039618288 7
-16.716555940173226 7
-9.981829994204725 7
-7.1368974039134905 7
-3.408918142824416 7
-30.28242347670602 8
-27.214105601389196 8
-21.626018734358333 8
-22.044808681833917 8
-36.15837338137526 8
-33.95028612940693 8
-25.35989196503634 8
-31.445775708966693 8
-35.4367370623593 8
-28.99911751504744 8
-29.971881865284924 8
-34.046301027746814 8
-31.011989158127268 8
-25.168003701985793 8
-37.48925253185668 8
-24.74118632831736 8
-28.164104749808768 8
-28.553514755488187 8
-33.438438153038824 8
-12.350648478047995 8
-3.967837159642079 8
-31.967526057406744 8
-25.081019599472853 8
-22.47730130946091 8
-21.23481238979368 8
-25.023212635804928 8
-29.947904692138927 8
-7.382352197980388 8
-24.831493321888875 8
-30.465283346878184 8
-33.54531064078219 8
-0.4661001191313496 8
-23.812369140078857 8
-27.438722146809123 8
-31.04991926790906 8
-19.653204662584187 8
-24.332708314146604 8
-29.929657632202993 8
12.261586242323158 8
-19.745798882221912 8
-17.22854844454933 8
-31.269689379568128 8
-30.42958248381399 8
-27.52432925349046 8
-29.171680166016486 8
-32.529446712567314 8
-28.732064873982953 8
-21.786869844599707 8
-28.41854001323386 8
-22.168477398411028 8
-25.395821256874775 8
-35.66787664801018 8
-30.319726336194712 8
-22.85406539271003 8
-19.387016848891367 8
-15.93649241996336 8
-31.458841348287873 8
-30.131489872314585 8
-1.996318671438211 8
-7.991870758818095 8
-32.35518343093917 8
-35.388106665610586 8
-29.802760962754093 8
-29.20371950829981 8
-18.634007810125414 8
-17.49770103940363 8
-26.19802620274234 8
-22.219432730311038 8
-24.27689061547631 8
-27.021025989477064 8
-31.59416436025669 8
-18.293860893694152 8
-30.36731857562834 8
-24.853886558569894 8
-16.046637542036066 8
-11.995406977728793 8
-32.58840306806923 8
2.0971731645036806 8
-26.097333370265602 8
-31.7213560426183 8
-28.083146711340977 8
-30.952627573805483 8
-27.345455632614247 8
-23.085652574571917 8
-34.635826774760986 8
-23.167933611322447 8
-29.08560099638144 8
-33.10713281285761 8
-30.791780973197813 8
-21.798733046835437 8
-27.424146792706225 8
-30.23332253776708 8
-26.272040566126538 8
-24.491673880964658 8
-30.679696190237514 8
21.872091730839806 9
-2.92282394904078 9
-14.169790119106228 9
-7.965290715305892 9
2.05095815793014 9
-15.965003097705504 9
16.339715456304262 9
16.339715456304262 9
16.339715456304262 9
0.9044957769669428 9
11.573816533081043 9
-7.800028286980977 9
-7.4867604716333425 9
-14.93019907383092 9
5.571383112595894 9
-1.5458178725986778 9
-13.73693873901714 9
-8.32127871452927 9
-5.824220316979064 9
-10.231725950075171 9
-10.695920945923156 9
19.67561625820576 9
3.57881390490534 9
1.948453201966879 9
0.8045360033468638 9
-23.198928822814455 9
15.230055533786704 9
-1.3029302654012975 9
2.4953727893363613 9
21.720957632409714 9
-2.0607716840449797 9
5.65888321633324 9
19.483820926752802 9
30.23458743529614 9
30.66606399482852 9
4.109385448540787 9
24.705870455615912 9
16.058353026373112 9
-0.8616153458489106 9
26.878604840706238 9
14.610753058158078 9
-6.867892913308374 9
-0.31706745600281544 9
32.25467111463356 9
-0.16874415812080237 9
-2.872202110939058 9
-4.650070538801337 9
15.203501264811182 9
-21.22177880860583 9
-5.438426066569857 9
-17.1718243202326 9
-15.695236250079132 9
4.747436881805538 9
-15.98611427897006 9
7.687076786918795 9
33.380451864643554 9
24.088311104679207 9
-10.178884622768262 9
6.32576917372119 9
-2.2181103613192095 9
0.42247445336964623 9
20.46695242430091 9
-11.950312668321557 9
-4.748394149524035 9
-4.017097818263373 9
1.9049485547121405 9
11.192382015004451 9
0.20899416856782346 9
67.03740062727137 9
-3.058440172876983 9
-0.28090827167154336 9
-7.781745458554228 9
6.063406967046449 9
-39.8130302227212 9
-17.927953011238227 9
6.62495583602521 9
-2.322720499580696 9
-19.343337109897636 9
-1.4315157527622273 9
-8.352998777301352 9
34.412960743699784 9
6.558732152405698 9
17.74902828768844 9
23.476742613373503 9
-0.9601118727318175 9
-11.430455239086907 9
22.825179125019485 9
27.374909742322295 9
-2.109011646299735 9
-0.6874916276373538 9
8.24777982796006 9
17.75066746502268 9
2.048364796328954 9
-8.099083707213204 9
-20.154726713497897 9
-3.67880037841802 9
-6.5490033889542305 9
-8.459360983272273 9
-9.106695926737098 9
-5.155434434203802 9
-11.826964567158312 9
7.821585040397481 9
-17.184107043257843 9
-19.046962114623618 9
-2.6903996319785946 9
17.943793702703424 9
-0.46852746673610207 9
9.76003355137185 9
-1.6009898364503181 9
-14.425759224412193 9
3.0353877780986305 9
-40.50635528635628 9
-40.50635528635628 9
-17.05089525131804 9
7.904307452690368 9
-8.53073534075394 9
-7.310113108277112 9
-6.925350199467819 9
14.05914355929733 9
9.312459464651985 9
1.0958373140414852 9
19.732278834270573 9
8.02299739315175 9
-9.707302898522629 9
20.906564976054767 9
-4.817949806014735 9
0.776278952366739 9
5.665388589671505 9
-40.50635528635628 9
-5.924857979173118 9
-1.258192079234424 9
-11.579549361184457 9
32.97127631567843 9
-18.85997539655772 9
39.94324307419998 9
-8.981469063143503 9
5.257610409201575 9
21.210934198008896 9
-0.3681362189440274 9
22.313405730746894 9
-17.637966373817186 10
-20.875343499704137 10
-0.13851890423520155 10
-40.50635528635628 10
-9.311707486639232 10
-18.306786028988782 10
-2.1584516719833644 10
-24.72050992518716 10
-27.310641842116905 10
-24.480337207689065 10
-23.768851661591658 10
-24.60704172721837 10
-26.708255479873515 10
-10.058018532800956 10
20.672710679598172 10
-19.04961400878779 10
-27.93670225950112 10
-14.457250509669196 10
-3.9009172080522387 10
-11.096253203352623 10
-9.041511317206945 10
-28.128609418561386 10
-17.555626302746923 10
-10.5750063265723 10
-19.558384571315287 10
-17.684249631890292 10
-7.33952670971096 10
-7.9059374667502516 10
-22.37460407476264 10
-9.187079163264864 10
-19.40161638256454 10
-17.875565712379167 10
-19.25962449849861 10
-24.65387464609299 10
-22.13150804807271 10
-20.45495296826405 10
-25.91757573397601 10
-12.71261070857693 10
-23.54105772319345 10
-17.45247667428272 10
-20.31118725666663 10
-24.393416096124692 10
-25.195287615423226 10
-22.663117209808227 10
-12.813214896957222 10
-24.09282942687556 10
-24.76238516843788 10
-29.577099100959195 10
48.684256433469876 10
-26.624561124246053 10
23.75175851657905 10
-21.17472841734247 10
-20.57320057015723 10
-31.85541412059135 10
-22.078027455402445 10
-16.668301930614877 10
-19.239782902157 10
-27.073756028170152 10
-23.27833473203765 10
-22.801557343081704 10
-6.988917589980522 10
-29.065982413959357 10
12.545590011874348 10
-13.65235928543874 10
-13.45726459717831 10
-23.243459842505423 10
-15.486775757213213 10
-16.653670066097526 10
-13.712954176377535 10
-8.426240992587251 10
-27.345797544359478 10
-26.332958529958105 10
-18.756872955938807 10
-25.57006735178831 10
-12.80293376181109 10
1.1279557178760355 10
-14.215790439223538 10
-21.862954683449075 10
-9.43057771639433 10
-9.728493427020256 10
-2.3444172040641007 10
-16.75058106567285 10
-19.022513999143268 10
-25.11323599418466 10
-23.58029028124991 10
-1.9779867683711536 10
-16.20509070811369 10
-17.21531957857855 10
-24.242406706682868 10
-10.831640260441654 10
-17.195258495931252 10
-28.781428894834725 10
-20.341020852354895 10
-10.589400858694827 10
-15.701374010560674 10
-26.70496781444689 10
-17.165334186433505 10
15.04479247620301 10
-20.756412321704428 10
-40.50635528635628 10
-27.544677881898107 10
-25.966741932036573 10
-17.35636132283133 10
-5.846028126083765 10
-10.227962440911147 10
-32.88088782951933 10
-20.408482230822457 10
-24.39627983244628 10
-28.302759342340394 10
-6.824912979617769 10
-6.294262101349111 10
-22.944535960331645 10
-19.94934764381835 10
-27.051360392794876 10
-24.433521714718587 10
-31.78568238653714 10
20.45766688269765 10
6.819165284843068 10
6.819165284843068 10
6.819165284843068 10
6.819165284843068 10
6.819165284843068 10
6.819165284843068 10
6.819165284843068 10
-5.9186303235281255 10
-17.101403697090433 10
-26.40884751509073 10
-27.38255401805524 10
-29.143174122306704 10
-6.484590118192534 10
-11.38499091831854 10
-21.112593777534826 10
-18.00516370094122 10
-11.660997138065753 10
-2.0727981079953284 10
-22.374134276428915 10
-19.905215737874244 10
-19.745798882221912 10
-9.087227305004637 10
-20.649314152973496 10
-26.200435862227682 10
-6.948668568791508 10
-15.97354857995043 10
-40.50635528635628 10
-40.50635528635628 10
-31.717317826640812 10
-15.730358712973688 10
-24.950708224409777 10
-14.227175768406227 10
-40.50635528635628 10
-24.218850099746234 10
-22.116934906961852 10
-23.06404414234357 10
-26.76233593095026 10
-23.07635655692178 10
-26.148237267095556 10
-28.77817132344732 10
-27.683720755469363 10
-31.1723826172408 10
-36.05229153722903 10
-24.860936118680456 10
-13.718284469898373 10
-17.816397782095585 10
-26.74704193078508 10
-15.12819164044142 10
-25.11247836639622 10
-21.241343588776896 10
-20.760001043293887 10
0.7492377343803082 10
-10.297753060374646 10
-26.522949351217278 10
-15.87355404617336 10
-3.611103514369951 10
-20.313114969710732 10
-29.01241488125914 10
-28.252073748585193 10
-32.041725649504684 10
-23.670845221643 10
-25.49382338144708 10
-20.830810277457374 10
-24.89580931931107 10
-13.469361107349807 10
3.5020987016965437 10
-17.136573741547878 10
-19.387016848891367 10
-23.481753694814614 10
-29.576312379592657 10
-11.022540424968943 10
-19.05862215188677 10
2.2376732901705427 10
-19.303533658876617 10
-30.834952695242894 10
-15.959425387725098 10
-17.718323604925835 10
-18.769141981817224 10
-2.6970038224313226 10
-16.918762746906577 10
24.530396715583453 10
-15.737838187185863 10
59.81383360150737 10
-12.661109041585965 10
-14.033851744362074 10
-25.06303179333002 10
-15.992140122946692 10
-13.32338472164636 10
-26.21226310268787 10
-16.437910706812417 10
-25.867212001645893 10
-13.496279596847096 10
-14.575228393692429 10
22.413778856596124 10
-30.000934590436593 10
-14.783816488784474 10
-14.36834394415832 10
-15.35978631709531 10
-1.3798091241114694 10
-18.67708543493965 10
-28.399592524665984 10
-20.31219803430528 10
-16.38594150781639 10
-19.75039574243161 10
-16.32246012651738 10
-14.760101730848598 10
14.467773800558652 10
-27.684068969422146 10
-20.846652589000275 10
-21.704679744501984 10
-5.690624474502973 10
-6.612456967166828 10
-14.081206590361028 10
-21.776202728940017 10
-16.15469255010671 10
-17.68394635552322 10
-10.070718054397757 10
-18.344365689116042 10
-26.816310951600023 10
-19.965480774847627 10
-14.599281708697305 10
-15.012442879961805 10
-16.663811057709015 10
-15.291959318254326 10
-23.86979423404334 10
-21.569720275260245 10
-15.42833053226251 10
-24.26857069614124 10
-17.23905088494306 10
-17.2822898004956 10
-24.682307187097912 10
-26.3791367589677 10
-8.098282532943363 10
-22.55845477422922 10
-21.68879026788343 10
-23.343316835176676 10
3.162006165757178 10
-27.423201380896515 10
-27.698943370581727 10
-25.689039373157478 10
-21.18043538474586 10
-15.482387587608297 10
-4.565191542045692 10
-28.868465222379005 10
-22.68354664414395 10
-23.309798858202516 10
-6.966914439281824 10
-16.773927553974207 10
-7.861632571101552 10
-17.219239625549257 10
-23.262594848966607 10
-22.158420756207903 10
-25.421714925273676 10
-29.1340568469451 10
-20.878579242944546 10
-25.453918819578455 10
-19.20224903207619 10
-15.888481494246845 10
-31.6508287859567 10
-12.31717489519901 10
26.443121380573785 10
-8.702055230678003 10
-16.44605775583147 10
-23.779204514429992 10
-22.179045773959093 10
-19.64009185520917 10
-18.122230129529587 10
-19.15512576908092 10
-17.702867177538234 10
-28.48948287169925 10
-16.976841590440113 10
-16.61199053369175 10
-17.83229938006874 10
-24.74436145267846 10
-1.1053288437825457 10
-26.61982003082646 10
-15.128942549018337 10
-16.743922418911776 10
-5.83782051383552 10
-22.357313018537017 10
-28.936648407101256 10
-20.076000349554675 10
-20.228055755108716 10
-10.074259760943225 10
-1.2098164380049763 10
-16.737283812686222 10
6.942088612374777 10
-11.941371269752175 10
-15.610640479779388 10
-20.103300983001517 10
-23.993041859836225 10
-28.733395660420904 10
-18.95445455863355 10
-12.334954392040938 10
-10.611173475236688 10
-8.863564301955916 10
-7.113978798570444 10
-2.1357138797488044 10
-21.06596331796459 10
-16.581350023009694 10
-13.384275114195047 10
-25.316165849513485 10
-16.471213020435442 10
-14.421601150974801 10
-23.53183083721503 10
-22.994333482900043 10
-13.565264742987578 10
-19.763405894621265 10
-30.74699783931847 10
-18.76765389186613 10
-22.442771973625565 10
-19.648708116107972 10
-19.486336741604504 10
-18.817328879803753 10
-11.922323443081988 10
-24.681773393844992 10
-20.07131711070201 10
-5.587341442553869 10
-19.9958487644466 10
-22.051077559371087 10
-17.3603381699509 10
18.864323595755344 10
-19.072188439540927 10
-1.5803612985436974 10
-15.46340079074898 10
-12.155103151501322 10
-22.0471340497669 10
-24.971863089918763 10
-20.171745775661297 10
-24.442952823343717 10
3.0848122000438583 10
-4.5393397791900325 10
-25.06012051126745 10
-24.228267464315053 10
-20.96440568855465 10
-28.790741400482574 10
-15.501153597099128 10
-15.479199432754607 10
-13.787292848398225 10
-12.298451319457437 10
-18.515113100156398 10
1.0685790559614434 10
-13.1820327647892 10
-24.101527404319494 10
-24.592349004538683 10
-11.521156628997405 10
-25.72454229660116 10
-20.21443598803422 10
-9.274096883421102 10
-27.3410341213386 10
-21.6817653521144 10
-7.295766151300033 10
-31.411299970790765 10
-22.31597957299908 10
-19.16853269044579 10
-28.52426687232211 10
-8.824363766943929 10
-21.492810723502693 10
0.2382840852107597 10
-28.565953688965514 10
-18.33960828895197 10
-23.248844325353474 10
-11.131177928166654 10
-25.467000765023982 11
-40.50635528635628 11
-25.869536657327682 11
-24.531930960387115 11
15.669954580986515 11
-27.693716465398253 11
-15.247638846544717 11
-31.051590085716278 11
-20.95607869128586 11
-27.39156217687424 11
-22.068440827958945 11
-28.29270934864107 11
-25.728066551903662 11
-23.8982487218778 11
-23.236468155228568 11
-18.639074845083638 11
-27.311813876689097 11
-25.807201853890312 11
-29.458497110351015 11
-29.455645601835755 11
-28.60983874188379 11
-29.3201043914418 11
-27.18717290307758 11
-28.29421112217628 11
-23.67288253204494 11
-22.89711461692967 11
-22.86865354263497 11
-20.412056622492408 11
-23.69912665181442 11
-16.028328362565823 11
-26.18583171898111 11
-25.31934322903928 11
-27.347978348813047 11
-12.155912908496251 11
-28.33745176612393 11
-25.024075266788568 11
-1.920550177189018 11
-26.671947966080772 11
-22.499132955489834 11
-14.556888891111969 11
-23.716277870687318 11
-20.468832412412418 11
-21.584542728293716 11
-26.364528301321236 11
-27.966048180070633 11
-26.222267148291095 11
-17.98066410035133 11
-23.935435388396762 11
-21.205571179591843 11
-24.251305019105637 11
-24.283623944136803 11
-27.71720094036033 11
-20.97772319581572 11
-26.840154501205028 11
-22.862013322477676 11
-24.706329382710745 11
-18.020753741126594 11
-27.853659500855645 11
-12.365852039602132 11
-28.33258623646278 11
-28.75890520112091 11
-20.961429318758785 11
-24.571709668216965 11
-31.260821176868685 11
-21.912636441290058 11
-17.614136227930235 11
-24.795559068866687 11
-27.448887985401093 11
-16.702318687811413 11
-29.374909947858878 11
-25.033582868143867 11
-22.33743703389116 11
-20.547134942015024 11
-28.482210743556035 11
-14.338092763663498 11
-20.09542976408794 11
-27.763796681668172 11
-25.752842809212932 11
-25.2364482699526 11
-27.57272582640083 11
-27.235896443242694 11
-26.1615627419947 11
-28.56090709066576 11
-29.8689299536443 11
-26.42235048039787 11
-29.449023098252912 11
-18.011229912378592 11
-24.623437899699738 11
-23.29905844108939 11
-29.787459272160923 11
-17.54593768256819 11
-21.844282393173422 11
-24.251649423523386 11
-26.54902754016971 11
-29.69882188102814 11
-27.834816669499876 11
-22.87266412625206 11
-23.09974548705954 11
-21.19964314753064 11
-25.180239348076917 11
-30.196190591626046 11
-32.16822969622208 11
-20.739077176798773 11
-27.43201752175102 11
-13.694045132520472 11
-22.393696192482917 11
-31.733723609586697 11
-28.44598462943886 11
-22.138736787472407 11
-26.54784692256138 11
-23.47871776156225 11
-13.091682381619297 11
-9.01714525511833 11
-29.568844454724996 11
-21.276164862847406 11
-31.879016113346903 11
-18.418340758755743 11
-25.187079185595394 11
-24.263240687595797 11
-24.912801808911862 11
-24.912801808911862 11
-24.912801808911862 11
-24.912801808911862 11
-24.710551371026224 11
-34.84334195308605 11
-22.59613942247314 11
-19.106546508368545 11
-19.039157710856543 11
-26.67139017578897 11
-28.734180546426145 11
-18.46261225377696 11
-33.0138565328928 11
-11.497697180731347 11
-14.239234984899698 11
-17.16098650087684 11
-29.274196850390986 11
-33.023126729541005 11
-30.288259743605987 11
-22.175087203404622 11
-30.82543703178275 11
-29.80356752308656 11
-22.572445773731566 11
-30.1260940593214 11
2.4580408440160455 11
-20.238027086713956 11
-22.929919146796845 11
-20.933825106007696 11
-27.979185459889678 11
-22.007612172575943 11
-28.356917893118617 11
-24.99976089521568 11
-25.235615431213322 11
-28.54676669607487 11
-28.136577521925204 11
-22.326663342518938 11
-24.766179426983076 11
-31.604335487176105 11
-23.132622392002915 11
-15.62203202576462 11
-29.308864707875866 11
-29.201263925363467 11
-9.463574964028034 11
-27.743555893949345 11
-28.233413718843458 11
-21.777232775220916 11
-17.91400240880735 11
-28.55858008766612 11
-28.545415493157382 11
-23.140968187419958 11
-21.10203518577994 11
-21.76294499203734 11
-28.53372132580073 11
-26.84362875189868 11
-28.25625168299818 11
-28.883714948861268 11
-17.14205551922917 11
-23.34994093173539 11
-23.133018337248366 11
-23.15444247192083 11
-21.797461077546007 11
-27.488078999459997 11
-20.048696851990883 11
-30.286882064959315 11
-27.794310035330994 11
-25.621940216870673 11
-22.13276091029646 11
-13.080058081485316 11
-20.054135200689725 11
-27.396697002628645 11
-40.50635528635628 11
-22.24153878525226 11
-31.06377238982932 11
-27.004617812248902 11
-27.440775265046216 11
-24.984502510853417 11
-21.03527392082117 11
-30.86327889033868 11
-27.423493659193074 11
-13.160715420328303 11
-14.683321688641902 11
-13.59699457882094 11
-20.617245574696557 11
-6.990585102965728 11
-22.419581333349814 11
-21.537683840118927 11
-16.405684853014286 11
-21.41913518803574 11
-20.08044063023148 11
-28.16350339830603 11
-19.076022044193554 11
-19.076022044193554 11
-30.15417837324331 11
-31.809820874584148 11
-30.1620044881554 11
-9.61088156721778 11
-20.48308774545243 11
-21.034088588472006 11
-20.965002131105713 11
-19.555206755611174 11
-22.100187278667 11
-32.579928671341115 11
-26.837033040454482 11
-27.381336128002786 11
-14.783576067043757 11
-21.158970107729715 11
-24.55696871098653 11
-31.35203074928534 11
-27.56188738737758 11
-30.456901155588046 11
-26.055968519656737 11
-19.612805142035658 11
-28.317399066495753 11
-25.217206552570843 11
-4.099985977460949 11
-21.8025081570128 11
-21.742589027143588 11
-34.677863287984685 11
18.4574079954303 11
-15.641401234105862 11
-15.895175838738748 11
-26.60811413453808 11
-26.44976388170976 11
-19.44020963872339 11
-24.565924122535026 11
-6.180615242414014 11
-28.14312720617024 11
-29.41023229626307 11
-32.16574188630194 11
-17.304037922987014 11
-27.107250323590044 11
-27.107250323590044 11
-30.193853817092098 11
-16.378681682101156 11
-30.180847844325545 11
-18.575753451934464 11
-12.347357820057677 11
-25.87703299546395 11
-27.81699680620772 11
-22.971006735853884 11
-32.616592167548184 11
-31.244916259707797 11
-26.26699844598747 11
-29.86875985393983 11
-26.556879958877634 11
-20.52867937800683 11
-16.71982938185938 11
-23.86825638382935 11
-25.18947664108385 11
-27.218889377062823 11
-23.744864198157792 11
-19.079621009940357 11
-25.03125634029502 11
-22.349940562983807 11
-22.038647369482796 11
-24.98586852128291 11
-14.897665822419468 11
-1.5126446636862283 11
