-32.136732889407014 -20.96934990916116 0
-26.707825884711735 -19.316663609152172 0
-26.96246282424069 -14.368270471193767 0
-10.353418439162231 3.500955004475003 0
-22.745432630231537 -15.499511615548926 0
-22.745432630231537 -15.499511615548926 0
-24.714986486096578 -20.034764898621706 0
-25.937165837159725 -19.187404641132126 0
-25.54275769183846 -17.80532949715286 0
-21.28534211077033 -6.884607420649616 0
-30.58267716081928 -18.76470125975074 0
-14.258631247253449 1.0075191401025752 0
-12.181471745423583 3.418479476883398 0
-18.740914894552223 -12.974901792179965 0
-22.57929178444066 -17.035403635166062 0
-30.053714144178834 -22.255097697332875 0
-20.127918702748186 -13.116516035734904 0
-25.80786065281484 -19.646526168718164 0
-31.831090068334976 -26.49976365065198 0
-24.171220936633787 -14.584867655595641 0
-25.293936608178306 -15.538824277856738 0
-28.24168974583102 -21.07431635447872 0
-28.24168974583102 -21.07431635447872 0
-26.905927419244716 -17.88825107670086 0
-27.499162946379023 -17.444500501308436 0
-17.40514634172032 -3.6935444596750555 0
-29.572210165191475 -21.03384087692093 0
-27.483468176462843 -21.436912699042033 0
-24.106046621947566 -17.46870363077167 0
-27.838393035923097 -23.289956554436323 0
-21.940971006769207 -9.295704162733745 0
-19.085537139578204 -4.346420199327725 0
-28.977089549093094 -18.728780072299287 0
-29.875149113437846 -18.59000085678621 0
-31.46401171715377 -23.487665141788412 0
-19.87673269665298 -13.723872842815563 0
-11.823221551818119 -3.42767650729466 0
-25.627213848642363 -22.73546320122772 0
-23.97595509625603 -16.0398038505188 0
-16.827922392498902 -2.8188698566734542 0
-27.409356648672524 -16.528600049315987 0
-25.05026729662218 -9.121108925676616 0
-22.313766956921317 -16.974738590563618 0
-19.090515626402112 -10.776309763108472 0
-31.64833955702958 -23.85342652453452 0
-19.917358042384887 -18.355904539166946 0
-19.917358042384887 -18.355904539166946 0
-25.74900561763927 -21.94144469574311 0
-22.409343395093533 -14.884984126308979 0
-28.186725528292595 -19.48183734055876 0
-30.376567955933552 -20.117254993583852 0
-29.53291477356372 -22.15394986904261 0
-21.23120093935577 -17.37304127905471 0
-19.159020967804974 -14.035933091853114 0
-24.374557521136197 -20.047993264467145 0
-23.20030796676235 -16.841897620822913 0
-20.528310070088903 -14.743511125426675 0
-25.98730956225131 -17.931906882403112 0
-12.931244813754436 -3.830632707181546 0
-28.346148425089986 -20.96576434676627 0
-19.176995262074378 -11.078555883069392 0
-23.720490229380022 -18.404791117289477 0
-28.418580363271595 -20.312199216820254 0
-19.287553154867986 -8.836746153446406 0
-34.24087773503492 -21.852749530729128 0
-25.077217919148058 -19.130624416523165 0
-30.32443830380037 -23.31084074217065 0
-30.56729917189174 -22.29062855007315 0
-26.97585172044844 -21.208041936565003 0
-27.750822586464885 -18.24625761619167 0
-21.343898073553525 -12.791233498934375 0
-18.744792845374437 -15.591440284012826 0
-24.621017494975376 -15.955618141805369 0
-23.985729996210996 -8.338400005051152 0
-25.07908163000195 -20.48952047464977 0
-17.88346704846542 -13.153211024156914 0
-26.081606654228132 -21.02881888456024 0
-25.76851335421619 -18.729079248604105 0
-19.49945969600283 -12.6635945101179 0
-9.052469315016952 0.6954595691081691 0
-10.313793222167059 4.636409482714374 0
-25.50441456438434 -17.46028328829442 0
-22.897837734871782 -12.417477113728072 0
-24.07698143931572 -13.945580086322046 0
-33.15228440845774 -25.212808057792387 0
-17.487894018756034 -13.936576763304124 0
-22.81335089291084 -12.61800425172529 0
-23.38085926824428 -11.156266270551502 0
-22.32833254929438 -7.799568217230365 0
-21.599797764529832 -8.605458347157318 0
-20.336197781368462 -17.011793341568293 0
-26.683714251515624 -21.525991829958592 0
-20.332161771053993 -17.435194165658842 0
-25.93988336494716 -19.64401607547228 0
-28.4520421493963 -20.913997955700115 0
-24.796840113643665 -18.728527616334105 0
-17.588039170815964 -4.947895028959246 0
-28.34834625028443 -21.78978724462743 0
-21.127378593716678 -13.690476409018153 0
-22.782078715682246 -13.44573335392656 0
-26.143108241802743 -21.673103536720365 0
-19.21760788105089 -7.985254455679431 0
-27.71527345818256 -19.854385055515458 0
-16.94473724121629 -3.4735338682834325 0
-21.686276237983115 -12.882706734438411 0
-27.579333460792682 -21.762879439151956 0
-24.924072452064962 -16.82061554700728 0
-29.357998852262444 -21.053095667474366 0
-24.110606430529614 -10.154427007209364 0
-26.97422308509025 -11.690655743921509 1
-13.880343127484448 5.878155099913965 1
-30.28260259632797 -23.878311347999936 1
-24.702143008904216 -17.689066967761672 1
-0.46605958520719293 16.386335764295605 1
-32.951272869760274 -25.36556910006382 1
-11.659311868825826 0.3081617746927079 1
-40.203388520327366 -30.08475398905459 1
-28.97203818528051 -15.265910499643025 1
-27.21428137799294 -18.224839096911616 1
-21.626049606341383 -9.547634292950956 1
-28.656628659985483 -26.534925985372187 1
-32.176414620473295 -22.109443298876002 1
-27.14793679225729 -17.48196331163589 1
-31.0005590479794 -23.859600953095665 1
-22.044765953901408 -17.51882289228071 1
-36.15848924317677 -25.97616593468318 1
-33.950387436562046 -22.074321244133774 1
-35.436836022586725 -27.44091600166877 1
-28.999140658486706 -22.817762417152707 1
8.419467184790182 63.52217416346633 1
-26.030969374001486 -19.738607571661838 1
-34.04652939326327 -21.77980917994601 1
-18.280419484930665 -3.3927314833750897 1
-24.741235140228113 -22.168821239498353 1
-5.798222448975725 8.62753247402922 1
-28.164154925598474 -12.377999767513241 1
-20.275144116181718 -10.007938358923948 1
-28.553625342964068 -23.61143259064889 1
-33.43863656782108 -21.938683836289282 1
-2.9853505261168083 6.005369399196557 1
-24.170041724031755 -12.171522488097828 1
-16.759095629163735 -2.4912733194056083 1
-35.4824577210808 -19.5649812512571 1
-3.967882923197017 20.6152547885358 1
-3.163479860100492 16.084724993793458 1
-31.967524764665182 -23.255015586089538 1
-23.395007154418504 -11.17556336458699 1
-33.019827755811214 -21.671076402639397 1
-27.298273307170756 -16.93037227779854 1
-22.47731050844696 -10.2568688776406 1
-25.08110689514434 -13.90167109617807 1
-27.237335177310335 -17.14329697908667 1
-29.947900510510763 -17.810634783786288 1
-7.382515815004271 8.734322253005953 1
-24.83166458809146 -19.371134416246978 1
-22.795538528147596 -11.356535841702396 1
-28.839824459120507 -18.454027545457986 1
-30.46528756688276 -24.93345580226007 1
-28.73145271145133 -18.238042277587482 1
-23.81236452264118 -10.801086526925648 1
-27.43888652332931 -17.506982520858514 1
-31.049880523437125 -23.056719225340693 1
-27.072622670006485 -17.949924958078785 1
-17.13344541894451 -7.098372808830025 1
-19.65364759740747 -5.976731673091282 1
-24.33277739226083 -19.540729668466213 1
-31.136818136665433 -11.547041596981323 1
-15.624805118989928 -5.0137823842880636 1
-10.951822041519378 6.0786672064269345 1
-17.544504968735396 0.824528940117129 1
12.261636744537908 38.893303441460475 1
-12.811612508343483 2.2003435481017224 1
-26.71772327346118 -18.04547638277004 1
-38.930366736005205 -23.931007215260113 1
-26.27118998559665 -13.225877387372915 1
-18.657863341125744 -0.6147728698975379 1
-17.228645669200358 -6.748421776101744 1
-22.39439215128591 -13.644596157615887 1
-20.538543781276296 -14.752166538154205 1
-22.609738953481457 -13.730854938965289 1
-24.77139597625116 -11.937363894235531 1
-31.269890855790635 -21.928024237169687 1
-27.471602090733967 -20.825296139203765 1
-30.39672176769864 -21.98364073749216 1
-30.590850327300107 -19.16897561695689 1
-27.52453491457801 -27.601525412645643 1
-11.8988213234089 8.889028280973337 1
-32.52954955796014 -24.484374781536427 1
-21.787100489967216 -10.909868733575513 1
-22.219193161086633 -10.728645396321564 1
-26.672645924373803 -16.775427724260382 1
-28.41860553653452 -23.332032489297905 1
-22.1686403471057 -9.453827089134691 1
-23.437909651820203 -7.782347099123786 1
-25.395884976927753 -7.247554908634762 1
-35.6679528698607 -29.093323406453287 1
-30.31970699228348 -19.85699992123017 1
-22.8540584014248 -10.095208353974147 1
-19.387016982865035 -11.796972464229857 1
-29.65483889944721 -19.903269455105903 1
-12.245680650680068 0.6409722216752236 1
-28.019461690368843 -20.095335992648693 1
-26.073803016908002 -12.446740908783411 1
-15.936867386306945 0.1125985645767118 1
-28.68436395786661 -24.960195595393007 1
-40.15396527308692 -22.007223145477234 1
-30.131488819803177 -19.64292952640551 1
-25.7151612027818 -15.112309391371024 1
-28.855194389882623 -21.907466343398557 1
-7.991910669696415 11.50446067821292 1
-32.48951370194549 -17.64479889385245 1
-7.714932529388946 6.460200045852625 1
-13.443563207486351 -4.398991787108314 1
-26.5608700541934 -18.69249172174281 1
-32.19858431523333 -21.35906715365809 1
-29.34363868093842 -22.03893921075432 1
-32.35522058696013 -26.222697198147 1
-35.38823049555996 -23.876696772998258 1
-29.802794390915338 -21.315795290323607 1
-25.5427927401419 -13.336385429911598 1
-26.09650651561288 -14.629214969527617 1
-18.63417411652655 -7.137855615439467 1
-3.344297403661133 26.50559738375611 1
-29.730047931637415 -22.309778955099503 1
-5.097861163039411 -4.853391023537887 1
7.5637086522137125 34.71216755687674 1
-26.73554017755338 -20.113955089138535 1
-26.197983523415157 -18.10075145397942 1
-1.3038364780596714 16.166414428419817 1
-32.39489698069366 -19.62044215727133 1
-29.57840953998881 -19.087711161053058 1
-24.27687264049495 -4.468348410418471 1
-27.021074107951982 -15.657437268323905 1
-31.594180837753775 -22.64949779686759 1
-18.29390869501832 -1.7367892750530753 1
-24.85390341090364 -11.852073036182611 1
-30.367775432240148 -16.54834738707752 1
-16.04671087320515 -2.1743240976813216 1
-40.50628382541008 -30.095143379545 1
-11.995424169079385 -0.8343674815343869 1
-32.588529663102534 -22.61675945499321 1
-23.23469206681844 -13.377652756123783 1
-31.537223047611754 -14.426947951919505 1
-22.622983749458363 -21.642390135629192 1
2.0971906830214837 4.389855111419389 1
-32.44029963201879 -22.230785298307758 1
-29.46677538711673 -19.94585545239487 1
-20.812821217590635 -9.755869813607783 1
-4.453770075163131 13.629891367850764 1
-24.552589715276113 -10.948193482247326 1
-39.77135957975899 -29.58637224461353 1
-22.02573289870803 11.234767456794039 1
-31.72137778344768 -18.810140548379227 1
-26.182689220704546 -14.357886504368192 1
-18.20318958053248 -10.979890283614404 1
-26.017048809054284 -16.1621299733823 1
-28.083370592152953 -21.47351345249328 1
-32.18125090140268 -26.11733200114505 1
-2.9678139409217223 29.93917700609511 1
-6.036103379741393 9.296724611653264 1
-23.168028264445255 -6.746559114310083 1
-29.08571659661795 -8.470328269256676 1
-33.107149787046495 -23.55482148443337 1
-30.791757141194758 -23.261872802130643 1
-26.272088343782034 -18.70404065250681 1
-24.491975318055008 -3.768514619086468 1
-24.95926513300494 -18.344102599866297 1
-27.117188705665566 -14.852885889093447 1
-24.46865513902995 -10.466006113092817 1
-30.679697188869362 -25.031357757524333 1
-32.79888541319373 -27.28728621882057 1
-3.3023389858641052 2.6688190720373273 2
-9.120815732690192 -3.851895499324896 2
-10.670720790195567 -2.754190941649129 2
-14.07947912119422 -4.555573692591611 2
-21.985810192232826 -4.425413079828008 2
-13.558658805579423 -7.736857159168754 2
-16.381710780043363 -9.757973005946068 2
-13.286550121255313 -5.970184751156053 2
-6.482753810824155 -2.13530128146638 2
-12.155189201407564 -7.819705013725837 2
14.817052179753572 30.09343962858408 2
11.75398183730029 21.37720540740511 2
10.36578611514338 28.558359484630483 2
-23.48063262418971 -13.262161172896962 2
-15.757804782917525 -2.0984607367926253 2
5.299136698342717 14.4190992969462 2
-17.637692933367813 -6.055106651889601 2
0.46062740600465446 11.040970423181104 2
-0.6258023356875193 1.1538711028717952 2
-8.685324203232138 3.0373036763755428 2
-9.157859066578446 0.2314564905811094 2
-22.750922236557635 -17.12546920670999 2
-27.341069997507997 -13.100405423815502 2
-19.090885244838073 -6.669271981700366 2
0.7586783274672301 7.420924324984088 2
0.7586783274672301 7.420924324984088 2
10.135026732465692 16.124863685103378 2
1.1278468364060505 7.990399927376283 2
12.96633251396518 24.29763820560526 3
-0.8279584218872383 12.377433120825822 3
-7.657493086940935 5.693237939147966 3
2.3044447203977487 19.032918549499897 3
-5.388595968193313 7.229921009738267 3
-6.149503007835593 6.250160543456401 3
-12.888223766576903 3.671264873113648 3
-12.838056881918535 7.649825457755581 3
3.834292774455421 25.49081218986068 3
-26.749341473197326 -17.11409139427269 3
-5.761693465763192 5.757281647746872 3
-9.639235113952758 -2.404969668277541 3
40.91696243155016 66.80119604048906 3
3.3064952158610517 17.650181346969188 3
2.3044447203977487 19.032918549499897 3
7.018712940627749 18.763248361840688 3
-6.577045907220301 5.986717816827446 3
0.10059433365657489 11.274805155186755 3
-6.655801765332297 5.7272281641794045 3
-6.655801765332297 5.7272281641794045 3
-13.093791292692757 -3.4032247166908096 3
-7.912594510228 3.14545262718857 3
-19.849681392324666 -11.509989808119306 3
-21.92158571145364 -12.897035616629648 3
19.92770981527201 39.78830485384211 3
-8.83609447563878 0.6286327972148555 3
41.66532035496263 63.162430394670444 3
-6.909809298794375 1.833200101337015 3
-7.147521639022234 4.310860525239226 3
-19.39949301319396 -15.476044830599925 3
-10.78511900709456 -2.6405991922848964 3
-16.25278019880406 -7.415879118183255 3
-1.8454187739864922 25.048000754258602 3
-1.8454187739864922 25.048000754258602 3
-1.8454187739864922 25.048000754258602 3
-1.8454187739864922 25.048000754258602 3
2.7706438107728992 14.653025710097422 3
-2.508519521169847 8.447273804077968 3
-21.112761269326963 -20.099711710379356 3
-15.007777372279762 -6.21051072403213 3
-14.88647606441494 -5.178840427010929 3
-1.7931868758964074 11.639187374812106 3
-3.433207841501455 6.837220180547906 3
2.411707400379375 19.146785474986288 3
125.53995388508285 -102.21857598244468 4
172.30848484445178 -117.11281582042649 4
161.23626004580234 -82.83802324170497 4
168.1241717884602 -140.37328829882233 4
199.17225634480454 -162.11530817590562 4
104.55626875087836 -91.60033890309057 4
62.30429952698497 -61.53387332306558 4
293.2051612587707 21.490413381456708 4
317.05931440586176 -23.33613949436408 4
207.82356363167494 -55.81860505007655 4
229.82218151405488 -89.1750381745979 4
174.2542832238063 -117.74760230002148 4
216.55037001584557 -98.91686077201628 4
250.89640754761226 -193.72286310942528 4
220.20200040077694 -116.46967474294355 4
87.2307327869651 -63.16923285143165 4
233.34509448317527 -172.9754168485683 4
253.72605264011932 -183.16827442927166 4
359.35482816528463 -244.8315520056008 4
178.42224286104076 -134.479454994438 4
332.63688755861733 -235.85214395071588 4
79.70113160082393 -100.38862286429347 4
160.53176646501456 -98.10882106141094 4
159.58187743093512 -109.57393604401895 4
216.09115269825818 -103.89209181197691 4
290.5980025540991 -187.2993214648613 4
288.03456317139694 -167.59615402919022 4
23.034685590212185 37.462358352841825 4
257.3289106099222 -196.61285775004472 4
169.85958889998867 -149.00601131952322 4
83.45525724920923 -62.9674155721823 4
159.16595089689676 -116.69734015751398 4
48.43103635157985 53.22515380166054 4
127.19861435185885 -32.15947502473019 4
108.65700751263894 -88.90283527885897 4
186.11182142183577 -54.592243956937864 4
55.0988120563258 -72.413115309682 4
155.324097632248 -115.92540640584795 4
264.5357974218797 -62.24700594980903 4
219.72770119287566 -154.8838165885254 4
165.85680477123108 49.005138641658505 4
118.05912478225342 -92.98917734774525 4
171.03344715891748 -32.75542074151043 4
149.05447745134737 -106.77680452392313 4
86.91422677875377 -50.46831493667669 4
360.27534084904426 -200.1879338796089 4
174.845527998586 -93.42234340329568 4
238.75008473171417 -195.6080073520951 4
170.08515719165797 -130.04223081467637 4
81.48169913377546 -72.6280167462766 4
65.46528649933111 -59.39462223032287 4
107.08899436876202 -75.0811551937908 4
63.71761135422269 -54.586712276876675 4
112.01321054722946 -90.29872243702717 4
-40.50628382541008 -30.095143379545 4
76.32010990408071 -40.8181262046345 4
289.99513841971395 -167.7193695005022 4
236.11388120130215 45.13913858346844 4
107.57115147506765 -51.03760910522902 4
159.29979012828534 19.494844950383165 4
160.50594174286869 -80.07122476011565 4
101.15188875114748 -73.77949132666869 4
-40.50628382541008 -30.095143379545 4
106.54316418363234 -78.3224075211901 4
84.98482134513561 -86.6310118139258 4
220.09052903850457 -142.93221853163135 4
182.53111014760353 -60.745490503840166 4
70.14427552110746 -68.53079583566583 4
165.02979249672487 -118.67750680346097 4
11.710815503732157 4.001976799495274 4
353.3456360286683 -242.48847208748003 4
146.67507665072498 -109.77094159889174 4
218.4526748609139 -134.4950384100118 4
297.8985415544004 -214.01141829492326 4
150.2978691099849 -122.42828724970424 4
186.9174990795772 -105.12603956575047 4
287.0175775526367 -165.99389815305813 4
153.44317743515126 -152.22655056650663 4
99.77607747846386 -64.09987187103776 4
265.276643767556 -154.47698651065792 4
131.9496900590492 -111.56432639444435 4
118.82095385273037 -90.13097454242349 4
97.04862216691593 -127.0475267417236 4
166.14985501585488 -163.4979474415926 4
91.50196260295371 -13.39890933418454 4
108.29859433548319 43.920253272461984 5
48.02468036418075 54.381328553662286 5
57.15884455768674 65.88793551857293 5
101.20530562737413 100.12914509599523 5
46.86278999554941 78.44120604475958 5
79.73904525293321 76.2294980888261 5
122.07945573337017 146.66197117815688 5
40.046112288038046 -10.34973520477185 5
7.888121391243203 24.42961876671854 5
57.42016823091498 74.42426351967653 5
23.195113701131763 20.06460181383295 5
15.643157744983341 22.44012130137478 5
17.71324457108593 27.988227514342782 5
12.992508800987455 33.36688597750569 5
105.38563977688828 163.70443234833172 5
-0.14722786157010703 1.7886343910040843 5
29.074484207437617 51.89368136526393 5
-14.646927386982103 -3.7225996335892595 5
139.38334640438504 235.71364718372536 5
136.89315626061526 124.81726480342792 5
44.52960201852526 39.202517620261204 5
88.40501505750207 47.747585696239554 5
45.532030834666486 56.32408467526678 5
55.551705074400715 37.35548096854744 5
5.367510887789935 15.771901202475917 5
89.97098057070737 42.346611713627865 5
94.92034993780956 44.18911370947669 5
72.50201279039302 44.79962357333643 5
10.847941082338876 25.635283245322718 5
-20.9477956339415 -5.478454800789438 5
40.3976266389383 65.67329703161673 5
26.79085770419035 18.603000108890352 5
52.64241417930696 66.41735533895464 5
86.01699039397684 121.12384848479643 5
16.818764246294265 29.478605227104822 5
90.8756099640726 75.94375806472408 5
37.373609445687634 55.517949703317825 5
79.14322279298963 126.6380923471995 5
65.35615154840526 49.12029765859117 5
49.01941070453047 37.144327763658374 5
112.39575891621718 130.80295902530506 5
16.55645034174656 30.81888889496305 5
83.80646143221652 156.20348100558743 5
83.98377844165054 107.29214406063426 5
37.422522539517054 61.76977539377977 5
123.49858663803306 155.7380813607041 5
13.725271955709982 18.297391354669337 5
54.28175644141652 44.90064873504401 5
54.20974820640781 85.50344982615411 5
46.751222333418255 77.79515903402114 5
22.25004247032924 13.656962204659298 5
129.3082012572084 106.94204281727987 5
40.77685277972881 71.38894532513474 5
70.90269514259464 101.85038179409204 5
28.840962178116378 34.226168803284466 5
20.515537076160264 10.246699719464553 5
69.57572203814692 68.39217427700994 5
45.556661806498 43.638819217589344 5
43.39823302241229 38.15215834556224 5
112.44054667197938 106.79185336373602 5
4.501955364061096 12.454725306277874 5
8.547516432941485 23.48426122016051 5
100.99960074081513 85.39753000778158 5
16.2719526186843 33.910143381232594 5
34.51479116038573 47.56389359750217 5
64.39793338553443 85.69774808630633 5
10.067725969283986 13.187041443799641 5
56.824000646181354 50.93602795844043 5
13.360810533130355 30.880224783406657 5
98.36881102002268 121.91177713062345 5
59.172332421729486 31.725984732651614 5
26.95388766390319 51.4187410661109 5
20.27911495590369 34.82298900505924 5
36.40192055704539 70.2206596039756 5
32.1408328683402 36.92149331534805 5
89.00632053171674 100.06305161083398 5
93.04223139574333 99.40125558356564 5
59.746032593136675 88.29282618344104 5
66.59773348911175 79.90302986214867 5
89.04872579532423 112.13558623369178 5
89.04872579532423 112.13558623369178 5
113.0609670640372 145.3879827388863 5
89.39341773997388 133.86616959369795 5
105.58262069411897 186.5947958693048 5
105.58262069411897 186.5947958693048 5
48.29427836389131 72.31755225597135 5
101.86230207505596 180.43237934056572 5
-18.649133225694882 -19.916038128258684 5
17.828905356879737 42.16499617321298 5
36.06026415119003 53.57938343333677 5
86.21399461686305 138.49285096796257 5
37.03305959550293 67.57656153187658 5
57.68381566337079 107.7639405424365 5
272.99034451311337 389.324856474046 5
273.3303579395234 389.6433998133531 5
76.04553453911578 138.11087120417147 5
102.52191538142621 45.042642031864204 5
57.610934609711215 70.67956228092983 5
183.4267132728321 247.4347130074187 5
131.94751119468168 176.1441467570633 5
69.83195139447156 56.029906250235896 5
33.8764126786499 38.499523849816995 5
37.44661833885724 53.168110010144666 5
38.655567148922614 67.20310875317769 5
29.043416071551476 41.61674223685547 5
126.77438128371898 167.48776507205392 5
53.88859088227119 11.504834559590646 5
49.097134706128706 52.859075563976674 5
46.49770110741654 63.3275127493279 5
102.6696603286415 126.62563406779587 5
66.65152846711885 66.31584600491219 5
105.05053426696941 130.7335205427493 5
76.02828222601708 90.48472187884249 5
26.053526856748658 23.176420161985106 5
93.46460142464855 143.94422981073657 5
40.012198731533104 34.170735873791486 5
63.396874767855834 39.46030949401142 5
57.613365193163915 30.955264020182398 5
63.89863771452498 67.03254100494054 5
28.45767736482904 31.40490784462671 5
26.65829723249381 57.5761668479359 5
22.138680252546695 28.94399989109416 5
73.7780056012541 97.81395188861343 5
84.06391657453321 86.41247048873527 5
19.292720834231538 33.11652741721498 5
28.190164937492753 52.857216241580495 5
-40.50628382541008 -30.095143379545 5
31.253353584910144 68.11457398694797 5
92.68103720973203 57.66058718554356 5
99.93008019326419 159.84393871111683 5
64.06714624770731 73.53656958409867 5
52.40740466902636 54.93753380784768 5
0.8713514336332575 14.560145302315231 5
9.759278386019439 17.473578932518656 5
12.333098103721367 33.08655777838379 5
67.05588520213347 77.04566945609547 5
22.664445263388778 23.541317379496633 5
32.82901821740822 34.786136222601534 5
55.93822415537782 73.44927622017417 5
30.84693767337564 46.059796092414665 5
-5.98536199489216 5.459806822669543 5
22.17796221049118 42.29422535588023 5
55.443937560509134 90.88083499156679 5
26.778231784315214 45.05769836291128 5
21.868410363087914 46.50705557855288 5
12.190845855667426 32.49999307705788 5
-17.391711874772728 -14.70692003332394 5
115.66446115455791 107.3239160266992 5
87.62005280249554 90.48976123801138 5
103.02703388117192 80.69072043210573 5
16.412740500114005 28.97474136360068 5
9.078369947926427 7.149917376709514 5
33.16210476643535 49.19127606713292 5
33.16210476643535 49.19127606713292 5
28.432995227161193 44.5981526713621 5
68.99045560229379 72.31573684538635 5
161.45707546707422 188.68464432567984 5
107.11504521043575 75.04928376639212 5
72.06699598050535 130.33953979491244 5
64.73511289689783 94.05504213560886 5
77.34231220877246 113.62315661035801 5
50.56521781848103 105.295859775324 5
34.219886659089305 84.75001412273505 5
49.221083355835965 108.776943039482 5
43.84326066239575 92.89259079570161 5
58.22317657529529 118.09422526228259 5
50.16578371673975 95.90420783203098 5
56.68459729955089 115.37517923846264 5
93.92295984394318 159.31626651791893 5
13.368538119614065 26.893537857002045 5
24.211893255537763 41.643749559351775 5
21.384624148136083 15.44603950855359 5
32.331879893389015 44.36048461620803 5
40.99748222484494 29.436588579135215 5
37.32033167481581 63.18492910948812 5
64.50450348956795 87.72947456900889 5
11.607788970656646 30.570535047953587 5
13.760290818502709 28.338291973518686 5
134.07349406180342 195.03161065779065 5
58.17960110741036 99.57594703200321 5
58.08763774942335 99.61235322288213 5
43.07089384326707 66.82137584358452 5
20.277002979261184 28.387797726590776 5
54.21001593441054 89.20558466855084 5
37.573300995323194 38.24390744084353 5
48.38232632610764 64.81259101144313 5
8.228039619816766 24.675697482930097 5
84.4381283075102 150.96244284022777 5
57.77659108820782 95.63979556765804 5
-40.50628382541008 -30.095143379545 5
-37.94829352767733 -26.21561177077644 6
-32.20429401402528 -19.408079918768372 6
-35.21084629758961 -20.642030661789047 6
-19.207221639568004 -4.721973162892178 6
-24.711077258352503 -7.553806508381981 6
-26.247978496275724 -23.30126200576313 6
-22.273538463667393 -6.24360600230763 6
-37.34231960768162 -26.727286351171006 6
-29.878212724668664 -19.098241007291698 6
-28.12863079496257 -14.52094315897553 6
-21.393719211854112 3.6516877947040935 6
-27.631239974417902 -16.19179976111876 6
-36.17442753950316 -22.275621589353047 6
-25.306277684021207 -7.2731006099825555 6
-32.57445758618127 -23.396630922677076 6
-6.2892973347320025 17.74159661380559 6
-18.780160214796283 -7.786040544724095 6
12.722714683729148 19.340420226803975 6
-37.82534091672152 -25.33422249757033 6
-8.582417322314068 8.375119072111675 6
-29.670660885592284 -19.668973544274337 6
-28.19788867585966 -12.515715460711029 6
3.4705192119510784 29.896034909173906 6
-24.933716525249277 -12.402004388625016 6
-31.48218305887343 -20.726381086770623 6
-32.907763498756395 -26.52495536385019 6
-22.270936185173547 -2.452065644616398 6
-28.186570549722546 -22.243012569148913 6
-31.41761787299279 -23.86612713091835 6
-34.51086995323631 -24.40615136582049 6
-31.893247611982275 -21.772749512866177 6
-25.44532990086449 -12.795619119159557 6
-27.113808802731302 -11.564249221385115 6
-38.019454706747446 -27.155397867358957 6
-35.99075096255294 -25.468172288310726 6
-33.42185805573259 -21.640512875921534 6
-26.060211463743727 -12.311407007910795 6
-23.92396308644143 -7.34520506723427 6
-25.042163221738498 -7.479690905052083 6
-32.935346937028726 -18.02170896089979 6
-29.76358730188369 -17.959603741623532 6
-19.797263495648284 -5.710623385394173 6
-36.47383935191935 -25.911881102117786 6
-35.74678624473608 -24.650190467356587 6
-10.69338839659692 13.222125867829202 6
-26.485888494965586 -8.484942042400787 6
-11.46485488852452 10.100759798058032 6
-23.8747514291341 -9.698813083652137 6
-19.23312705238931 -3.5826139495003098 6
-15.65183711291652 -10.049602416582033 6
-34.05559733061951 -24.37864357770491 6
-27.312652562572616 -15.936393971273091 6
-29.13782012336359 -18.29503392511307 6
-27.994484795864327 -18.004654300123903 6
-29.82452716714506 -18.852643052177925 6
-11.783786466092193 10.493552267441654 6
-37.24150270353043 -25.99262066278262 6
-31.71735357948185 -16.542911025436982 6
-40.50628382541008 -30.095143379545 6
-5.433016824036541 19.93848417454556 6
-1.4286597687396418 24.03821485670197 6
-21.978206058827286 -8.139194278405673 6
7.842625556973223 41.55964889376584 6
-23.80113262423111 -5.846132359909777 6
3.0506090258961143 37.54554931871075 6
-33.39379507266461 -18.99761471648481 6
-34.92399272429364 -24.247388131778486 6
-28.620425708429504 -12.427633156991725 6
0.7491688023082466 26.710959284408574 6
-10.434327317413434 -1.5351773982901813 6
-31.456325127866222 -19.746386748274457 6
-25.55331466011208 -11.911551438238785 6
-26.080372472084136 -8.56666172721708 6
-27.20192246359312 -13.32500373417825 6
-24.151045136347946 -10.610307897433538 6
-28.190827981001895 -22.148743335281445 6
-30.001008906327726 -2.412193561390783 6
-27.826786023633097 -20.67249789812352 6
-22.45249951460054 -7.51573445187093 6
-28.270641408498935 -17.273284660814674 6
-21.7761851686087 -10.74660024852043 6
-25.880372873316087 -13.771132104440664 6
-23.318258380404604 -18.184437698003777 6
-6.611805497470693 -3.6577761158741398 6
-32.45047579089947 -22.49469227193627 6
-36.84836287825059 -25.431105821512745 6
-24.025134252298024 -6.348859006871863 6
-12.64889788215858 9.65570019583675 6
-33.88231582191946 -20.555193263498666 6
-31.297417410788363 -16.307649002769338 6
0.25059436011950353 27.613545657170647 6
-25.55326559484494 -12.126333174144463 6
-36.290477278347474 -25.290315497560496 6
-26.73554017755338 -20.113955089138535 6
-20.61574295577017 0.32559957684339214 6
-22.944027000376437 -6.421304748590134 6
-17.686995608846726 2.5308996682639604 6
-34.174343747590825 -27.239296713525725 6
-32.96278572381365 -25.210022913764313 6
-13.577017877557902 11.062669324269798 6
-15.04030392254384 2.7656031929200937 6
-26.22826360093569 -11.97965552281759 6
-20.15912187354099 -0.7704745721111301 6
-30.00448563907427 -16.719180105512805 6
-33.5429785581645 -26.199583050204367 6
-34.56576112681486 -23.42046530776667 6
-34.02038932560198 -26.748000185569794 6
-35.487411718457 -23.76728262095574 6
-33.03725494498147 -18.999625868369094 6
-23.084386504863865 -21.721028723161428 6
-20.9644417954803 -2.6911965893361396 6
-6.371416721447671 11.26508616457421 6
-7.295767305330005 -6.46583887869203 6
-26.898879553253114 -11.584419225144146 6
-31.50028874201912 -20.278375453570767 6
-19.522344844610167 -1.7007182861930383 6
-29.906838420046824 -25.343910351326937 6
-12.966323782538353 -2.0023472920042487 6
-22.91127377734906 -8.153597352967271 6
4.516938171184067 22.172900845827 6
2.5336509128267917 -5.2940832532790045 7
3.027055054547951 0.23972250962144992 7
-20.303638141661967 -19.65878200408068 7
-9.418124197966126 -8.292164451489096 7
55.991060206500194 78.7852889603456 7
-17.117921750563948 -20.742033811782377 7
-8.13832651128771 -2.591672211539466 7
-16.71650118160696 -17.08390557286972 7
-9.981776607718938 -12.02604529054731 7
-7.136819662993063 -7.372531031009533 7
-3.408842451976742 -4.366614354408014 7
-30.28260259632797 -23.878311347999936 8
-27.21428137799294 -18.224839096911616 8
-21.626049606341383 -9.547634292950956 8
-22.044765953901408 -17.51882289228071 8
-36.15848924317677 -25.97616593468318 8
-33.950387436562046 -22.074321244133774 8
-25.359890563412584 -23.671874817051226 8
-31.445853620396342 -22.911880080453436 8
-35.436836022586725 -27.44091600166877 8
-28.999140658486706 -22.817762417152707 8
-29.971907342255896 -23.14835435831108 8
-34.04652939326327 -21.77980917994601 8
-31.01194394232266 -22.71506827178341 8
-25.167995010980622 -18.76260273948991 8
-37.48939909846172 -31.34597674819566 8
-24.741235140228113 -22.168821239498353 8
-28.164154925598474 -12.377999767513241 8
-28.553625342964068 -23.61143259064889 8
-33.43863656782108 -21.938683836289282 8
-12.3506521770179 -6.134969138732642 8
-3.967882923197017 20.6152547885358 8
-31.967524764665182 -23.255015586089538 8
-25.08110689514434 -13.90167109617807 8
-22.47731050844696 -10.2568688776406 8
-21.23480492913945 -14.56912305732492 8
-25.023278252241777 -19.023978818438202 8
-29.947900510510763 -17.810634783786288 8
-7.382515815004271 8.734322253005953 8
-24.83166458809146 -19.371134416246978 8
-30.46528756688276 -24.93345580226007 8
-33.545398214892785 -26.164086118813543 8
-0.46605958520719293 16.386335764295605 8
-23.81236452264118 -10.801086526925648 8
-27.43888652332931 -17.506982520858514 8
-31.049880523437125 -23.056719225340693 8
-19.65364759740747 -5.976731673091282 8
-24.33277739226083 -19.540729668466213 8
-29.929606640885314 -25.156449776625195 8
12.261636744537908 38.893303441460475 8
-19.7458370097736 0.1994122652682515 8
-17.228645669200358 -6.748421776101744 8
-31.269890855790635 -21.928024237169687 8
-30.42959945539215 -23.947025817350287 8
-27.52453491457801 -27.601525412645643 8
-29.17165764896369 -26.31881664541058 8
-32.52954955796014 -24.484374781536427 8
-28.732092253577537 -20.836928983250527 8
-21.787100489967216 -10.909868733575513 8
-28.41860553653452 -23.332032489297905 8
-22.1686403471057 -9.453827089134691 8
-25.395884976927753 -7.247554908634762 8
-35.6679528698607 -29.093323406453287 8
-30.31970699228348 -19.85699992123017 8
-22.8540584014248 -10.095208353974147 8
-19.387016982865035 -11.796972464229857 8
-15.936867386306945 0.1125985645767118 8
-31.45886492868405 -21.39995307970547 8
-30.131488819803177 -19.64292952640551 8
-1.9963086794094593 36.63649646135579 8
-7.991910669696415 11.50446067821292 8
-32.35522058696013 -26.222697198147 8
-35.38823049555996 -23.876696772998258 8
-29.802794390915338 -21.315795290323607 8
-29.2037796097624 -20.879727410490432 8
-18.63417411652655 -7.137855615439467 8
-17.497723031917555 -9.433628091464758 8
-26.197983523415157 -18.10075145397942 8
-22.219462341137067 -10.444047024866608 8
-24.27687264049495 -4.468348410418471 8
-27.021074107951982 -15.657437268323905 8
-31.594180837753775 -22.64949779686759 8
-18.293908695018324 -1.7367892750530762 8
-30.367775432240148 -16.54834738707752 8
-24.85390341090364 -11.852073036182611 8
-16.04671087320515 -2.1743240976813216 8
-11.995424169079385 -0.8343674815343869 8
-32.588529663102534 -22.61675945499321 8
2.0971906830214837 4.389855111419389 8
-26.097306413252557 -15.321512636537856 8
-31.72137778344768 -18.810140548379227 8
-28.083370592152953 -21.47351345249328 8
-30.952681343807136 -21.81395259556475 8
-27.34544038653757 -27.720853824018278 8
-23.085664508348263 -11.05369322408557 8
-34.63584164878237 -24.759770367417303 8
-23.168028264445255 -6.746559114310083 8
-29.08571659661795 -8.470328269256676 8
-33.107149787046495 -23.55482148443337 8
-30.791757141194758 -23.261872802130643 8
-21.798698533383387 -11.224343709596846 8
-27.424101133535878 -24.09016076970629 8
-30.23333379008728 -24.879444829781537 8
-26.272088343782034 -18.70404065250681 8
-24.491975318055008 -3.768514619086468 8
-30.679697188869362 -25.031357757524333 8
21.872158848558108 69.53587986750183 9
-2.9227815439593474 14.428528462851087 9
-14.169753878418993 14.454359514028434 9
-7.965236231987411 13.162049449841495 9
2.0509681984503176 37.770611297896565 9
-15.96499920625941 8.381895091023894 9
16.33976764356789 60.968348388690245 9
16.33976764356789 60.968348388690245 9
16.33976764356789 60.968348388690245 9
0.9045153582259324 35.18738971278562 9
11.573854917542864 54.17402951610116 9
-7.799963653085001 9.19487228986938 9
-7.486808682432118 32.38845714990842 9
-14.930171793708938 -8.039272738531087 9
5.57141586531007 40.93180671992222 9
-1.5458535842019323 34.09473297057008 9
-13.73695308081864 6.138168473531316 9
-8.321254823317796 14.453932734238096 9
-5.824183070208846 8.42682618805329 9
-10.23169939066159 9.319458461257527 9
-10.695935266147707 7.541239535365767 9
19.67548635311957 83.79860112872404 9
3.5788057294075877 32.728315047501354 9
1.9485191040075485 30.992216863110794 9
0.8045386705440158 57.523283610803844 9
-23.19889075490821 2.4244197835624117 9
15.23011281435107 6.071509044151833 9
-1.3028941017589553 29.34917331540093 9
2.4952276939869034 59.68014570302465 9
21.720939038683966 77.08141255494104 9
-2.060722348276922 12.743372468386182 9
5.658847782075419 83.44505495983542 9
19.483803246554572 91.66081074454856 9
30.234506008114785 132.6096465632657 9
30.66607387925534 98.17517108709552 9
4.109369677148813 61.854860475228385 9
24.705839412082046 121.13199989216072 9
16.05835600197254 51.31448067284732 9
-0.8616131007261103 44.291503633272285 9
26.87862563528197 117.97378788486287 9
14.61075668335931 41.808054925151446 9
-6.8678236290912285 11.349147273882263 9
-0.31702541225356384 44.8015493080908 9
32.254696949620325 25.50164786351884 9
-0.16869993409559392 31.252095058857606 9
-2.872149058660762 15.449118406849314 9
-4.650108811998158 21.453928831478628 9
15.203357746722412 94.70839318405648 9
-21.2217110944237 7.576288665065911 9
-5.438389572535012 9.681454006401 9
-17.1717758234375 -1.881009816878322 9
-15.695178210566885 -3.0516648635334906 9
4.747385058907657 44.81362319994423 9
-15.986092636528081 12.807906822710066 9
7.687092288780134 58.3780665977435 9
33.38046323798575 85.2462853592285 9
24.088335864905787 70.53309601074133 9
-10.178822226211935 -8.78457725363582 9
6.325813960036273 51.451131194556936 9
-2.2180901067263807 45.22141261297813 9
0.4223650625660085 65.83142493002869 9
20.466869754127476 78.9118521096675 9
-11.950296272110469 14.941545588486811 9
-4.748417584292106 44.066178571837355 9
-4.017081369170663 38.46105350420092 9
1.9049599168265106 37.04098518139364 9
11.192432347723734 37.674905906520415 9
0.20903402877842403 30.573673039866065 9
67.03737192409562 204.4799347693943 9
-3.058488925032224 37.29891989050027 9
-0.28097706308875026 37.81986761034823 9
-7.781719006498964 19.598986465166355 9
6.063475476119182 19.88755303852082 9
-39.8129588019452 -28.317431402610296 9
-17.927888804081856 -10.98716624283342 9
6.624988352282127 46.112430616184966 9
-2.322701592131427 22.703939024219366 9
-19.343276378431426 -10.930710395581912 9
-1.4314675295763566 25.562326423913127 9
-8.352977468118434 12.767897502348166 9
34.41263874681035 116.6025563583348 9
6.558803114129153 16.79351850219735 9
17.749061144763168 62.34625232382373 9
23.476759983109087 -16.641872226648125 9
-0.9600972556882095 17.382801526184547 9
-11.430453815180527 8.804215350083547 9
22.82516957007517 102.17385206968454 9
27.374899970153457 99.99333813875569 9
-2.1089755550182936 51.72458696590373 9
-0.6874611201966125 57.84520459471238 9
8.247731925581071 58.98695570718978 9
17.750689348371985 75.62271341226783 9
2.0482476922116284 30.234855149070547 9
-8.099037445053815 6.39098045313159 9
-20.154670783175938 -0.026654968677366497 9
-3.6788240973442274 39.99808608115764 9
-6.548962705134792 11.704681271672106 9
-8.459327201928634 21.530324489333402 9
-9.10670802584185 16.666518152853868 9
-5.155396685724158 22.220864193439485 9
-11.826912657584094 1.2818479316553404 9
7.821632178373767 36.015478861548935 9
-17.184057227772975 -10.89718257395947 9
-19.046954236287537 2.2376785622426505 9
-2.6904340901779307 48.1133734798394 9
17.943818944231715 37.46122327290951 9
-0.46856683883756567 46.41104736551474 9
9.760091458885915 47.357781181880824 9
-1.6009794634452827 39.80066375049877 9
-14.425743829955975 7.116185112210104 9
3.0354243593152326 20.892278816314665 9
-40.50628382541008 -30.095143379545 9
-40.50628382541008 -30.095143379545 9
-17.05082486955329 -13.579373030576159 9
7.904324645914779 6.952291713494688 9
-8.530735210825004 20.24517750426406 9
-7.310117867236364 18.720518998490316 9
-6.925320331701574 38.25772295680404 9
14.059004064246052 63.24681292232071 9
9.312386819864244 42.40127638436458 9
1.0958971706509182 55.75625480981012 9
19.73235860797795 67.89225613183 9
8.02301767541564 60.40999815759397 9
-9.707279361351763 4.286226468380804 9
20.906613576123092 41.82490725793092 9
-4.818052547034089 37.08939826396423 9
0.776323316622908 9.507629770337244 9
5.665411149971858 53.35745413726116 9
-40.50628382541008 -30.095143379545 9
-5.924821210629938 26.8758245042524 9
-1.2581628054528924 36.828147756800675 9
-11.579553381533604 12.411491009380617 9
32.97129291461873 29.171909334398933 9
-18.85991782938639 -10.753740560113256 9
39.94324523255872 -15.36767127289647 9
-8.98146529405055 38.99479531720843 9
5.257658032525834 18.796804249924627 9
21.21101377606085 58.476382527803494 9
-0.36807457411542366 2.4432786585043376 9
22.313351432753514 92.1343461044352 9
-17.63808410757125 -1.368368563076296 10
-20.875402747223223 4.651523317661958 10
-0.13856164953562877 27.693600589492828 10
-40.50628382541008 -30.095143379545 10
-9.311702462870453 -1.433677340452013 10
-18.30684208355509 -7.929041126880007 10
-2.1584595809158627 27.943506951549676 10
-24.72048611777914 -20.16576085107289 10
-27.310691396066176 -11.092856674557208 10
-24.480352994756085 -14.813640507803324 10
-23.768961635280846 -10.845587500161667 10
-24.60707960361021 -7.934572332806099 10
-26.708268846475903 -14.178502425454262 10
-10.058032115706734 11.098472410758902 10
20.672702834958592 45.401787568478404 10
-19.049562613809726 -3.725954487614318 10
-27.936552215901074 -18.780262994602925 10
-14.457297124406292 -3.7498062909185292 10
-3.9008971900613245 10.754698031323754 10
-11.096239308669904 3.5750677969924896 10
-9.041540853551055 8.812809742371561 10
-28.12863079496257 -14.52094315897553 10
-17.555553533322325 -1.265524762504917 10
-10.5749568487695 -3.2680382126528684 10
-19.55838497238578 -0.9913631493642834 10
-17.684284738027493 -5.803796027911188 10
-7.339471966438266 9.054974067451285 10
-7.905883489490846 8.271791292988766 10
-22.374600700997625 -10.4547715391646 10
-9.18712411034656 -7.5354576832809945 10
-19.401613778170862 0.2994540025145378 10
-17.87559396317809 -3.7977642864927854 10
-19.259605170244217 -5.783557390730114 10
-24.65398366618369 -12.04421224513203 10
-22.131477652038296 -7.988429647997272 10
-20.454932987496978 -7.67533475389676 10
-25.917680571312843 -13.110300518155064 10
-12.712765938673705 8.553655990417079 10
-23.541087568426544 -14.055125850144535 10
-17.452429625249103 -6.189440180509053 10
-20.311186123896558 -3.6180615970003016 10
-24.393346917640756 -18.703863259789994 10
-25.195329004367103 -9.301946907387997 10
-22.66310928427318 -7.113110408415777 10
-12.813184262298625 -11.590833942357055 10
-24.09280861177146 -15.190777927473887 10
-24.762359280892642 -13.49032424798023 10
-29.57702514996725 -19.91965080681039 10
48.68432044616539 0.09513582396470799 10
-26.624562562455615 -11.814468636128765 10
23.75182912050577 52.35594464047007 10
-21.17469831963693 -8.6759429628842 10
-20.57317673645799 -8.249556300100124 10
-31.855421311614254 -14.168228363343072 10
-22.078015855420468 -12.020362422358751 10
-16.66823358900695 -1.7686543575013092 10
-19.239779154118125 -6.620986456579653 10
-27.073788632465504 -11.904126358329677 10
-23.27834305346126 -11.520132743177466 10
-22.801550887438793 -9.24572249435479 10
-6.9888890472971 -1.0725255673066298 10
-29.066023405763367 -12.307241513956754 10
12.545584593131313 12.203455608658313 10
-13.652363045789043 2.179032204896216 10
-13.457239517533147 6.324965796457993 10
-23.24350389718856 -8.919253400042148 10
-15.487023256044825 4.047178128253497 10
-16.653796529143587 -6.537047382478431 10
-13.713082107466725 4.958697015544457 10
-8.42634256633509 -15.72458158774468 10
-27.345796224165333 -11.577297002296607 10
-26.332885072472248 -20.13946976685054 10
-18.75688958139838 -12.767899959817 10
-25.570341867969514 -5.111229565536814 10
-12.803017809891966 15.514829608601914 10
1.1279801243769092 5.105519488240125 10
-14.215871582735907 9.44608377350053 10
-21.862946653449598 -5.9703984542131625 10
-9.430518552147802 4.705807225049673 10
-9.7285505151068 4.248386692356276 10
-2.3444140171098073 16.726779429214673 10
-16.750624973747573 3.543889531348527 10
-19.022493617065265 -4.137213213072473 10
-25.113229402017954 -16.678593929552648 10
-23.580281887394165 -8.574756857565886 10
-1.978013147178761 15.824435078856048 10
-16.205158312348026 -0.49427536698951124 10
-17.215317531719432 -10.25952257904493 10
-24.242375715996342 -12.497299690216254 10
-10.83166407004638 -15.69153172215897 10
-17.195266311151915 0.363784276307777 10
-28.781372006803434 -19.1652036045522 10
-20.34109495030274 -4.522711276275089 10
-10.589476743483054 5.388415993751202 10
-15.701363367899928 -0.039463985269649005 10
-26.704998910180148 -11.759702538196434 10
-17.16535141661194 -6.991204091472407 10
15.044793416260235 42.6963579525562 10
-20.75641109371901 -7.430219618156049 10
-40.50628382541008 -30.095143379545 10
-27.544652036469515 -17.69651456139124 10
-25.966748943338946 -10.775556586562718 10
-17.35635793742708 -11.921403482542546 10
-5.846130966267761 13.01544035248727 10
-10.228162188557686 12.378928569747425 10
-32.88096757295545 -17.97621375436332 10
-20.408517516812186 -1.2846631593826716 10
-24.396295693091414 -5.798675056392201 10
-28.302729939156464 -16.137742370857048 10
-6.824868851537286 6.506249722871262 10
-6.294234994433146 6.601252324685104 10
-22.94458826333503 -3.7213165609070105 10
-19.949411055961292 -11.610728822718281 10
-27.05139936980457 -6.600312952337935 10
-24.433538074518754 -7.943148561423723 10
-31.78573049908053 -14.355502142000361 10
20.457339375560434 47.25448829483461 10
6.819139371038768 28.093346348898 10
6.819139371038768 28.093346348898 10
6.819139371038768 28.093346348898 10
6.819139371038768 28.093346348898 10
6.819139371038768 28.093346348898 10
6.819139371038768 28.093346348898 10
6.819139371038768 28.093346348898 10
-5.918699311542799 6.627553766782253 10
-17.101391153119444 -2.630490252883862 10
-26.408922203393466 -10.338994863122588 10
-27.382507790771278 -16.54898124826878 10
-29.14317934747794 -9.570465311600348 10
-6.484652570977062 14.039291192757636 10
-11.385093079278388 6.417756925108481 10
-21.1125764425113 -12.963852051803517 10
-18.00513813088663 -2.6144245068295295 10
-11.661001801724186 6.893131234520829 10
-2.072796631276538 20.506939134928547 10
-22.374150312934002 -6.592000646731614 10
-19.905188333436563 -10.391485852371114 10
-19.7458370097736 0.1994122652682515 10
-9.087255404775824 10.80798389208146 10
-20.6493364213991 -8.707063014680934 10
-26.20047700131318 -12.116498470414765 10
-6.948642344770195 8.237952798139967 10
-15.973559102564252 -8.831492784983341 10
-40.50628382541008 -30.095143379545 10
-40.50628382541008 -30.095143379545 10
-31.71735357948185 -16.542911025436982 10
-15.730342293896474 0.8496431781329923 10
-24.950749053420033 -5.964598579593631 10
-14.227195560659743 -2.543456816188092 10
-40.50628382541008 -30.095143379545 10
-24.21884142720631 -8.209252371720341 10
-22.116987698607527 -2.625980529615503 10
-23.064031778926868 -17.9332294243409 10
-26.762361749396483 -14.85675156276243 10
-23.076396002659653 -15.636379925476248 10
-26.148344920607588 -4.9288048163525175 10
-28.77821370596245 -11.614986632884015 10
-27.68376220327043 -15.581673152237533 10
-31.172457278455486 -16.817740433056624 10
-36.05223193573789 -25.45386449567281 10
-24.860964396065807 -13.482250822824042 10
-13.718244631811197 2.2588922916478094 10
-17.816381106977527 -9.516668052533655 10
-26.747069773204995 -6.8653312633557215 10
-15.12818364392305 -0.2979759838653431 10
-25.112481891569505 -7.80131110519511 10
-21.241342453713223 -6.05809509761006 10
-20.760056801160726 -7.365954729943827 10
0.7491688023082466 26.710959284408574 10
-10.297906443722551 12.904644318518573 10
-26.52296737900566 -10.471786893325618 10
-15.873576306520972 0.1017283701081153 10
-3.6112727280652894 21.33342213369134 10
-20.313170204919473 -3.2579292651734577 10
-29.012424844696035 -18.255789034335834 10
-28.25212532146467 -12.243316636179758 10
-32.04178033064942 -16.50345491623977 10
-23.670830757567792 -9.880971000360269 10
-25.493815928010484 -13.186845361720419 10
-20.83078685430312 -11.734494176366129 10
-24.895817465736563 -7.537196684887823 10
-13.469361212744914 6.439524560642192 10
3.502081354076717 20.1577953426131 10
-17.136613871749883 -2.9199652712134294 10
-19.387016982865035 -11.796972464229857 10
-23.48186580248318 -12.879885282007887 10
-29.576316149014808 -18.764952148580768 10
-11.022572587936594 -6.5496946631149395 10
-19.058629214311082 -2.9175282023518943 10
2.2377158701559057 27.333766404139922 10
-19.30353198680769 -11.615424365782317 10
-30.834996241943227 -16.023823220783726 10
-15.959472390050928 -1.1865578039935165 10
-17.71855269739259 1.0687629448186473 10
-18.76925815599621 7.343724592817277 10
-2.6969627739440045 14.348154746048209 10
-16.918769596968108 -1.7796162286855575 10
24.530297086675066 50.55787495716886 10
-15.737985838222205 3.4148886376073286 10
59.814026007758294 93.46770684757624 10
-12.6611096460047 1.480515043953388 10
-14.033930329981981 9.793470371105585 10
-25.063167796336344 -15.713100515271895 10
-15.992238888151398 -4.1476046404443085 10
-13.323399625062008 9.904817585780805 10
-26.21233332927443 -8.538186003677868 10
-16.437858899674016 -5.388933188091359 10
-25.86725772687477 -9.249554231690595 10
-13.496262356800045 0.21792703743886577 10
-14.575248014222147 3.45177645489511 10
22.413688831405555 59.63326534925637 10
-30.001008906327726 -2.412193561390783 10
-14.783788402035341 -0.3105539031101969 10
-14.36835011856115 -0.8461302636970247 10
-15.359812236905668 1.0866405109128254 10
-1.379785303164661 22.18729589798849 10
-18.677124777261227 7.006966697919216 10
-28.39968781357196 -16.656326066459567 10
-20.312258817991424 -4.824130682315931 10
-16.385957330323013 -3.0066141988335366 10
-19.750457564625076 -8.380519339230505 10
-16.322498665703538 9.045574916014928 10
-14.76012235977112 3.068461114079306 10
14.467854154557951 39.004171719444386 10
-27.684131316113334 -14.818947947041975 10
-20.846667619097726 -2.969178933925239 10
-21.70471529416479 -7.1425389026472 10
-5.690582412699021 9.150236902792228 10
-6.61252344646411 2.4606069220723996 10
-14.081180645272774 -2.495779251437414 10
-21.7761851686087 -10.74660024852043 10
-16.1546694497551 -3.8096954486027133 10
-17.683909593499262 -5.842173662238681 10
-10.070687965555017 7.312513377440991 10
-18.344372728011802 -6.875731357847515 10
-26.816283065263264 -15.12969881454491 10
-19.96548107254351 -4.213407465353959 10
-14.599345818210296 2.5512613881069286 10
-15.01241194734497 -8.773279820432776 10
-16.66379577060787 -8.162992525192116 10
-15.2919382565773 1.2131040284517107 10
-23.869817573723438 -10.477876738197248 10
-21.569726788054947 -4.59718276535796 10
-15.428326663453118 -0.948261375260852 10
-24.268580457789238 -12.102375479556118 10
-17.23904296979946 -5.123000089944125 10
-17.28228120343823 -5.278196789335508 10
-24.682283703756546 -18.211002391243102 10
-26.379304532719072 -6.3263109870874095 10
-8.098209803633965 2.230573675895343 10
-22.55845506264472 -7.81163125759988 10
-21.688770188998397 -8.617949711273615 10
-23.343387031860175 -4.798472126499741 10
3.1618443113941987 21.847834731986737 10
-27.423173222270034 -15.83778984548609 10
-27.698913324332743 -16.84999528124027 10
-25.689031187770354 -12.466040261571194 10
-21.180409263389123 -10.17182292589987 10
-15.482381770970763 3.618234509436863 10
-4.5652205869010345 21.799737013038996 10
-28.868490813699214 -15.355296224690177 10
-22.68348419822902 -12.371884946169853 10
-23.30990158544097 -11.070500559602193 10
-6.966885932091621 16.83839364054753 10
-16.773890246690257 -2.5632414028006787 10
-7.861707091337801 -1.8400472489703166 10
-17.21918413330342 -7.269762410655568 10
-23.26272155327008 -7.4194912036376115 10
-22.158400400673134 -10.975506351995051 10
-25.421700462568474 -21.08464728523255 10
-29.134155179005685 -12.473764986270526 10
-20.87862181028076 -15.717840272631022 10
-25.453931842466133 -15.140202547298887 10
-19.202216563853625 3.5260953301895253 10
-15.888524647047248 2.4201509194269875 10
-31.650733977320023 -23.17585254475921 10
-12.317146462354295 5.287046030007868 10
26.443165413694764 51.240114841803475 10
-8.70206832514898 9.432378885219846 10
-16.446085919407714 8.9383042186805 10
-23.77920089281244 -9.551335713426832 10
-22.179051911970884 -13.080710668598442 10
-19.640239693374266 -9.973400773109512 10
-18.122225356393525 -11.20033115000547 10
-19.155118333462244 -0.02326990877663704 10
-17.70282874318351 -13.05399085434323 10
-28.48956285363624 -10.446503461873709 10
-16.976774345903912 -7.671444295720384 10
-16.611964621975016 -6.463492426625276 10
-17.83232944047468 3.1704068636695215 10
-24.744316807987286 -17.28074369573946 10
-1.1053717340639455 23.096244962224468 10
-26.619826366278467 -14.2545266166352 10
-15.12897099488432 3.727750080539673 10
-16.743935507808263 2.8422889193848366 10
-5.837790078139982 10.95221859247044 10
-22.35727429061248 -13.485850430766899 10
-28.936681105459908 -11.530565349511756 10
-20.076031373429174 -4.317324600401387 10
-20.228014059723684 -11.920046310935689 10
-10.074203234491785 2.6903526562473843 10
-1.209812670925256 11.852988540830676 10
-16.73732496869189 -1.595305445352506 10
6.9421143396314795 29.077455181012784 10
-11.941428637282332 10.784966902709183 10
-15.61065723426766 3.417115637602548 10
-20.103287401569336 -8.807612291580101 10
-23.993061388813423 -10.294201167102074 10
-28.733335712697393 -16.96040316672891 10
-18.954559508362458 0.9607681623032707 10
-12.334942222375938 -3.883541677404972 10
-10.611133665771865 2.1558185813609505 10
-8.863551547245853 11.898200887914252 10
-7.113995839900792 13.521840114355086 10
-2.1356913147977252 18.668212393614386 10
-21.065974546727194 -6.048030481938074 10
-16.581386935412993 -5.556807069782678 10
-13.384270598676997 1.1606083730977264 10
-25.31613337324111 -14.032670628701942 10
-16.47124733094407 3.789986118478103 10
-14.42163869272481 -3.451019813430672 10
-23.531910985517047 -5.724754702600884 10
-22.99437935092314 -10.044037502067615 10
-13.565262600931606 0.9221489087736656 10
-19.7633816975656 -11.274210995534357 10
-30.7469629997009 -19.871313275199856 10
-18.767648228189337 2.5313245960648856 10
-22.442912479176446 0.7735039854149607 10
-19.648667611867594 -5.144373721048554 10
-19.48629043243179 -6.071070319799944 10
-18.8172892702216 -5.964110322416009 10
-11.922276024933556 6.336525284904083 10
-24.681791678232074 -11.669399083610255 10
-20.07135511945528 -9.438885087500722 10
-5.587394105849535 14.779037702480197 10
-19.995869139998586 -8.888275242784532 10
-22.051172644881575 11.22265832812194 10
-17.360423868683856 11.710992023146112 10
18.864211792639487 51.26441932553117 10
-19.072251764898404 -1.6463388733585604 10
-1.5803822420732159 4.040357868471388 10
-15.463464994787302 -1.661232430192169 10
-12.155128174455148 -18.13590887406877 10
-22.047127175810306 -9.51748702675614 10
-24.971889083676515 -8.441139868788124 10
-20.171880970120213 -7.164366138890285 10
-24.442914184449627 -15.0611258400871 10
3.084819791320623 23.511215759154666 10
-4.539287118285168 4.553056629721548 10
-25.060104829746024 -17.020237310261557 10
-24.2282590716866 -11.77802811963808 10
-20.9644417954803 -2.6911965893361396 10
-28.79067377918104 -18.16444397436732 10
-15.501128398741987 -2.9136128762226026 10
-15.47923513877702 1.8662014928273816 10
-13.787296463453218 -1.4586617141916407 10
-12.29842601546278 3.0506547026169444 10
-18.515111417546876 -0.24119991473248392 10
1.0686149165104002 22.00702227614518 10
-13.18196823244168 -3.0450981026523403 10
-24.101523983177227 -11.550084675190394 10
-24.592582281391103 -9.105095092800575 10
-11.521175121560486 5.1891599249837235 10
-25.724592028994355 -17.464665064920467 10
-20.21446491395076 -0.23483814727452934 10
-9.274143316670248 8.355836657222028 10
-27.341069997507997 -13.100405423815502 10
-21.68176358132383 -1.6284027473274336 10
-7.295767305330005 -6.46583887869203 10
-31.41140807953112 -14.023850712642679 10
-22.316026298867953 -6.293449999837495 10
-19.168517824208767 -4.754222896134568 10
-28.524280116671402 -13.094190563484808 10
-8.824382896662513 11.12682086040532 10
-21.49282011343785 -7.111423051506533 10
0.23834807813214587 18.893576964507385 10
-28.56611591385215 -18.020441611147664 10
-18.339590585136662 -9.56099559789728 10
-23.248829707568078 -9.84797342983273 10
-11.131361809039234 -1.8168951960916724 10
-25.466936762376573 -19.47770825028151 11
-40.50628382541008 -30.095143379545 11
-25.86946837750664 -17.407042270626363 11
-24.531810121478618 -14.764411964105303 11
15.67007538477933 35.79668494188148 11
-27.693645093094144 -17.262122727033216 11
-15.247527143911721 -2.3462987312537775 11
-31.05152297332948 -21.384125639970872 11
-20.95601084646392 -13.870680643508923 11
-27.391485978915203 -13.739162397099042 11
-22.068368278950718 -14.112785782504165 11
-28.292649141415822 -21.97190990238008 11
-25.728007164337996 -18.541787452173452 11
-23.898190584807647 -13.26990257897965 11
-23.23641994403451 -16.909738451632812 11
-18.639002862687878 -5.038568208725978 11
-27.31184894581439 -11.044580741921445 11
-25.807135362819082 -19.24123909149953 11
-29.458433642128238 -18.301881222589525 11
-29.455578756107816 -18.960015624664194 11
-28.60975966557789 -22.819408923262444 11
-29.31998601856674 -19.927297524223412 11
-27.187171649825576 -14.452229876880308 11
-28.294143901946754 -19.754475177731155 11
-23.672822754873167 -14.168672254994647 11
-22.896957854262215 -13.510845584389362 11
-22.868583036469406 -9.832600717813268 11
-20.41199353177518 -11.223417887421684 11
-23.699057655933697 -15.961130015992897 11
-16.028267243111934 -8.009247912096065 11
-26.185777615251258 -16.15376381097512 11
-25.319273645954148 -17.57074992856525 11
-27.347897322025965 -18.321540529161165 11
-12.155850357453462 -8.903234116145219 11
-28.33740870562527 -16.268876843377562 11
-25.024015183205815 -19.791030422286113 11
-1.9204455528808069 12.494251721281795 11
-26.671880471962787 -16.773011198104527 11
-22.499072643736728 -13.96500978111288 11
-14.556829601671941 -6.645389990041739 11
-23.716150520193683 -12.53309478055003 11
-20.468756956456296 -11.54181313101343 11
-21.584463417341397 -14.818593608249676 11
-26.364465243460835 -15.964552714619963 11
-27.965966501972712 -17.733465832520157 11
-26.222185942205375 -17.775932709330736 11
-17.980594930472257 -5.262262946551012 11
-23.935331855249594 -15.615877888283787 11
-21.205503601656922 -11.13018062359614 11
-24.251201172226317 -12.760739757110324 11
-24.283547718955944 -15.932610067005466 11
-27.717062786245567 -18.662199488578125 11
-20.977720477126685 -7.427262070988133 11
-26.84010150473399 -19.27115476414248 11
-22.861901626251164 -17.8368209086845 11
-24.706243021646152 -15.185408524241867 11
-18.020677017140166 -9.20863562643199 11
-27.853601387244016 -18.27890307175675 11
-12.365762724323591 0.37250471645742866 11
-28.332483406122822 -21.630683992841075 11
-28.758838083767248 -19.785053140735837 11
-20.961356501564605 -12.401700902016021 11
-24.571651258610654 -15.460883860187021 11
-31.26073110047633 -23.80092040548402 11
-21.91256501011018 -10.778661286583105 11
-17.61407934648883 -7.27928597337127 11
-24.79547819869564 -17.262820287384244 11
-27.448823677328072 -18.205345661496366 11
-16.702219137419497 -7.374294186163926 11
-29.3748362520868 -20.203039677627487 11
-25.03351859190333 -15.868534363747692 11
-22.337362629251277 -13.184742819918586 11
-20.547057910802565 -8.622612163186526 11
-28.482149318555003 -19.11183051439703 11
-14.338013070766097 -3.331544429471473 11
-20.09535678506932 -9.522362638978276 11
-27.763730630440254 -16.073230304990656 11
-25.752774376734806 -18.07063432151064 11
-25.236380492036954 -17.956336275605565 11
-27.572668971327122 -17.40698683509049 11
-27.235809856651507 -18.50750649758338 11
-26.161510794724528 -18.689997669847397 11
-28.560863339191748 -18.083437711070395 11
-29.868879244207225 -19.63290257816502 11
-26.422290607175878 -19.29707519058664 11
-29.448952685489164 -21.723242074356353 11
-18.011149836681177 -13.177663047888503 11
-24.623284848639045 -15.171514886438384 11
-23.29896475808398 -12.778008129135998 11
-29.78739454261506 -20.408143190379946 11
-17.545887547656058 -5.002080577399489 11
-21.844222723084744 -12.428573033752393 11
-24.251570554355805 -12.713714670697435 11
-26.548974483367942 -18.021992949272985 11
-29.69875087129 -20.606326806425063 11
-27.83477410386305 -22.43981835618426 11
-22.872604013841375 -12.437636254666167 11
-23.099627884639872 -13.331585834296053 11
-21.199583041304273 -11.156413922070321 11
-25.18015120427013 -15.081315128627306 11
-30.196071300587363 -22.476810005461605 11
-32.168152436011525 -22.0439209795851 11
-20.738977867555548 -11.116184177795922 11
-27.431946819925113 -18.170955315294265 11
-13.693971691057273 -3.726064122664597 11
-22.39364135814182 -7.016560700884487 11
-31.73366636359135 -23.69518850020723 11
-28.445923490934618 -20.032536109542672 11
-22.138666975316475 -20.061996720729855 11
-26.54775132178689 -16.95321293942756 11
-23.478647990878812 -16.043907555105427 11
-13.09149929634149 -0.27302850368686205 11
-9.01708062726088 1.117334469986945 11
-29.56876551319909 -20.13749538463778 11
-21.27609333721875 -10.64127062397431 11
-31.8789143363254 -16.988854738095142 11
-18.418276807512193 -6.841809513641223 11
-25.18705402468565 -17.907366900427697 11
-24.263182320764987 -15.818821597579273 11
-24.91273612797559 -17.9554534719 11
-24.91273612797559 -17.9554534719 11
-24.91273612797559 -17.9554534719 11
-24.91273612797559 -17.9554534719 11
-24.710484924151572 -18.06339756835946 11
-34.84325544286967 -27.15086455003585 11
-22.59607064207378 -8.726525440681833 11
-19.10652157737809 -12.183762573651878 11
-19.039040547716645 -2.2722373667153093 11
-26.671321286739783 -18.9703910370144 11
-28.734152305481935 -20.617957591200692 11
-18.462550078100286 -9.470701162556985 11
-33.01368129154361 -24.53906867749304 11
-11.497611192957347 22.890046315492327 11
-14.23915534339902 4.243879373392559 11
-17.16091928442185 -9.433687659222233 11
-29.27415326762463 -18.811771439220955 11
-33.02307936778695 -25.104347411334295 11
-30.288182090982502 -20.438046767077278 11
-22.175027202235267 -14.392175858547937 11
-30.825387940468367 -21.95168585038806 11
-29.803502890292634 -23.57988157800476 11
-22.572386347508484 -13.761733379637384 11
-30.126009471577117 -19.36884261517554 11
2.458089445250261 14.952893843571351 11
-20.237879259606693 -10.182369599565117 11
-22.929820144158178 -13.543918149587116 11
-20.933768939401475 -10.082135649759099 11
-27.97912048373743 -20.24084378533178 11
-22.007534039502392 -11.537146569636592 11
-28.356860610664103 -16.51731144290151 11
-24.999688435812732 -16.051692651777508 11
-25.23549519996923 -20.590408054847288 11
-28.546678558797286 -21.220116459888487 11
-28.136461638462638 -19.997262089776303 11
-22.326607175308144 -13.380196138378185 11
-24.766129351731653 -19.696155721347314 11
-31.604303558290525 -22.357476596720154 11
-23.13256866672312 -17.926339496030664 11
-15.62195202492187 -3.4920471056430724 11
-29.308800967739973 -19.902058881390708 11
-29.201194121488133 -21.131583723828925 11
-9.463486023438374 5.673851435838771 11
-27.7434901079734 -22.17077620181672 11
-28.233356752570202 -20.81711465708251 11
-21.777165058437877 -11.22857353475316 11
-17.913927987540518 -7.54240363423116 11
-28.558499962816747 -19.89953972106932 11
-28.545329155811352 -18.39926835578953 11
-23.140900412013647 -14.184534040094842 11
-21.101936509448475 -12.611613695941617 11
-21.76285288973339 -15.49526128968737 11
-28.533631807101727 -17.751208539985768 11
-26.84360684103853 -25.139411288938813 11
-28.25620561815711 -21.36088479542989 11
-28.88367846854549 -20.996842821761952 11
-17.14195743514001 -10.71988841132772 11
-23.349851074231413 -14.969970427381007 11
-23.13295077995324 -11.708976354000043 11
-23.154372328050002 -11.637823941533588 11
-21.79738874875763 -12.268986574050938 11
-27.48800483939675 -18.94313310192985 11
-20.048575413726383 -10.149281481787089 11
-30.286808669734324 -20.759850022515668 11
-27.79421436624195 -19.281904319170124 11
-25.621871091344218 -17.899447438771368 11
-22.13269963937103 -15.685529724210312 11
-13.079985187523294 0.41844797970790015 11
-20.054038169053012 -13.363022669592532 11
-27.396681545768896 -15.870493509862197 11
-40.50628382541008 -30.095143379545 11
-22.24147169401584 -13.78327546896681 11
-31.063714029578097 -23.53215122225066 11
-27.00454827813426 -17.478878589728282 11
-27.440718209400995 -17.8489410730174 11
-24.984390898960424 -15.905878587868614 11
-21.035202551625154 -15.049299515713221 11
-30.8632055428212 -22.62024368056522 11
-27.423425879890495 -18.580353902642624 11
-13.160622452411427 -0.444764728220127 11
-14.683232722958806 -0.6472110697022009 11
-13.596920627707073 -1.6106489014373233 11
-20.617162607271982 -11.683714198625289 11
-6.99051372709158 9.395463375184896 11
-22.419527161898003 -13.607883677326683 11
-21.537591720320222 -12.359387569343022 11
-16.40559171004284 -6.027570724002876 11
-21.419058338102214 -10.24928935984049 11
-20.080420720286828 -7.561567676479706 11
-28.16342018755465 -18.876191604390133 11
-19.07596153440517 -9.877659914128657 11
-19.07596153440517 -9.877659914128657 11
-30.15411198433445 -21.17446317557806 11
-31.809752289267053 -24.172625446101883 11
-30.161954634934332 -20.721194569885363 11
-9.61081499300042 -2.353873483794074 11
-20.483014372835306 -9.560237494822601 11
-21.034048117345876 -9.072048924954814 11
-20.964937689529403 -13.571697441963106 11
-19.555139158757697 -11.205220821960843 11
-22.10013491994658 -9.700334819036787 11
-32.57988016524784 -21.107589318411534 11
-26.836967704189437 -17.872293820073818 11
-27.381278922087883 -19.26377195117004 11
-14.783460500621292 0.5775414243175891 11
-21.15891125145969 -8.655318881260238 11
-24.556902190174323 -16.849166475587314 11
-31.351935196470667 -20.857855721800313 11
-27.56184749261588 -20.131184205465782 11
-30.45683311041617 -21.12457399647424 11
-26.055910568970482 -13.906952951742438 11
-19.61277388144829 -1.613051710304954 11
-28.317335451892568 -22.88901546124395 11
-25.217132307048292 -19.012430905061798 11
-4.099924247967742 -2.6565720196019735 11
-21.802469743106652 -15.009590619944774 11
-21.742512673436494 -10.351065157004973 11
-34.6778371362263 -24.43788948300028 11
18.457553736407558 39.878201571773836 11
-15.64133132447962 -2.6711826595966865 11
-15.895091340864536 -5.866601805057306 11
-26.608064660056474 -17.50790000874582 11
-26.449694097164212 -19.891419366376724 11
-19.440153978125487 -6.580090980536401 11
-24.56593923973448 -7.799451038011693 11
-6.180502389137651 1.2837887618607686 11
-28.1430651517422 -17.54195912686388 11
-29.410162089447685 -20.654418789778926 11
-32.16569012301521 -20.8001593368681 11
-17.303949223980148 -4.6195588162188095 11
-27.10720267061758 -18.77199172034233 11
-27.10720267061758 -18.77199172034233 11
-30.1937999832662 -22.862381258692757 11
-16.378599932260176 0.12303336689551658 11
-30.180774782008903 -18.56081369028363 11
-18.575675633764313 -7.33030556851997 11
-12.347237920230754 3.0652983867935575 11
-25.876953355821787 -15.874759654177211 11
-27.816901783882365 -13.952262262641979 11
-22.97098671840485 -13.744966156057352 11
-32.6165354051668 -22.265465868256566 11
-31.244835906134238 -21.34722856736228 11
-26.266932757622783 -18.23120220414323 11
-29.868710268115386 -18.8099865655493 11
-26.556812927597576 -15.080547076387166 11
-20.528600863759053 -9.122528395049487 11
-16.719784004785346 -6.487183970219752 11
-23.86817976149882 -14.451620545975992 11
-25.189343725733337 -16.709984267088302 11
-27.218831684369675 -19.40806396841 11
-23.744797460193013 -16.385876731959513 11
-19.07958557768992 -4.801405211678205 11
-25.03119785477749 -17.08547056131166 11
-22.349858520191987 -13.394160451095637 11
-22.0385841993332 -12.117788502568434 11
-24.98578783648578 -16.440113622753785 11
-14.897576623078724 -6.292144528541159 11
-1.512564769406941 17.608794466840653 11
