-32.13668156933377 -20.969069704288735 -10.769862082085126 0
-26.707894583070498 -19.316991204553126 -5.53032579430281 0
-26.962512200212203 -14.368499806605334 -4.852442533894635 0
-10.353479405358383 3.500693571188844 -16.85456540207405 0
-22.745505765598644 -15.49982575684675 -8.14041144991782 0
-22.745505765598644 -15.49982575684675 -8.14041144991782 0
-24.715039086527042 -20.034992845019893 -5.994189541493142 0
-25.937194092328607 -19.187528247699632 -5.183629519011163 0
-25.542792591514228 -17.805498376249375 -6.533800570837863 0
-21.28533297819278 -6.88459432522171 2.7040069561626066 0
-30.582702486029966 -18.764851416751284 1.532411546266471 0
-14.258623618367945 1.0075281150722812 0.3699145892357052 0
-12.181551620793227 3.418121175941913 -17.400432534099014 0
-18.740958033083274 -12.97509716213825 -6.92028169589843 0
-22.579342535404383 -17.035637965782666 -4.217158592247925 0
-30.053767179665027 -22.255356610470585 -3.733921994633482 0
-20.127996649592113 -13.116851060199672 -8.383020028881404 0
-25.807913101538162 -19.646769992498882 -5.319394050111704 0
-31.831148899655368 -26.500035117859426 -4.592110082850722 0
-24.171237417354607 -14.584933768890268 -7.630594754953194 0
-25.293999793535225 -15.539119600407126 -6.608339378460962 0
-28.24174372284389 -21.074576614975996 -5.345781816888444 0
-28.24174372284389 -21.074576614975996 -5.345781816888444 0
-26.905999609097453 -17.888597389120946 -6.016086962596255 0
-27.499219447109425 -17.44477098251739 -6.60053696712159 0
-17.405149417162317 -3.693581672732527 -3.8402723974967916 0
-29.57225160508905 -21.034041169171616 -3.011309818149856 0
-27.483528611514352 -21.43719636816534 -2.524454894849553 0
-24.10606581106767 -17.468794274458872 -5.2038706866285604 0
-27.838404837151593 -23.289953953301584 -7.881683985023152 0
-21.940947066479307 -9.295545959663368 -11.315899732000132 0
-19.08561870628327 -4.346762395067611 -15.174761956891517 0
-28.977142735194988 -18.72900440886415 -6.518487833339829 0
-29.87522174991131 -18.59029739918487 -8.147174707205687 0
-31.464058340256003 -23.48787828541316 -5.6988985492531015 0
-19.87678483776745 -13.724112714491213 -4.946461389383435 0
-11.823301346668442 -3.4280201772520646 -13.860846918592372 0
-25.627260624695392 -22.735661614004094 -8.750041974888518 0
-23.975993999737668 -16.03999653612412 -5.432702529790092 0
-16.828012877152815 -2.819279341452119 -15.989372338557786 0
-27.40940575283799 -16.52881015590695 -8.558868177342916 0
-25.05028542446873 -9.121198075010666 -3.9106825078157073 0
-22.313778123756222 -16.974783109995656 -5.573179130122915 0
-19.090556178343874 -10.776501127356832 -5.8313005575295325 0
-31.648365304920887 -23.853539217653573 -5.767594040865191 0
-19.91742785717461 -18.356238019464907 -1.5769095906421278 0
-19.91742785717461 -18.356238019464907 -1.5769095906421278 0
-25.749040802019618 -21.941600568820945 -4.214719444282741 0
-22.409438123775796 -14.885414659154685 -6.271651180487076 0
-28.186823493721246 -19.482255068656364 -9.891267139351292 0
-30.37665490613084 -20.11765028226913 -8.276720373183547 0
-29.53298124733026 -22.15425327913202 -6.234227653054603 0
-21.231252727095562 -17.373272454843935 -6.879763457581302 0
-19.159047221637792 -14.036033716675092 -5.78134480241141 0
-24.374619713642208 -20.04826908973036 -5.286103811462489 0
-23.200368920449225 -16.84217294512968 -5.821932388295747 0
-20.528357676980573 -14.74370123976487 -7.569574954593424 0
-25.987370021453536 -17.93210727502561 -11.942889775366002 0
-12.93126998689295 -3.8307509217846207 -7.205240893728352 0
-28.346206232732804 -20.96603303684032 -6.339532023967363 0
-19.17704649172532 -11.078740503924276 -9.033096710036567 0
-23.720547983633544 -18.405019655172175 -8.6912638944181 0
-28.41862666265716 -20.312411921612718 -5.381243159759009 0
-19.28757056378425 -8.836831793954948 -3.0620263752557983 0
-34.24090339729057 -21.85284766216595 -6.596762567282542 0
-25.0772742982601 -19.130897416211347 -2.1490523073064915 0
-30.324499814626776 -23.31113503297778 -3.4504895101619635 0
-30.567334001927684 -22.290785942540523 -5.9521585796067615 0
-26.975896836518142 -21.208242984865436 -3.985404412916898 0
-27.750891474148467 -18.246512532403425 -10.494695883358279 0
-21.343966170147368 -12.79148679939212 -12.643802548829173 0
-18.744831301821677 -15.591614741076253 -5.449223330967277 0
-24.621053267398796 -15.955795900752882 -4.062193545665226 0
-23.98576942168996 -8.338616725513303 -2.6105070394964978 0
-25.079134555139767 -20.4897661003126 -3.8886306475442822 0
-17.883553065138173 -13.153596736413816 -6.965614494183653 0
-26.08165814519214 -21.029048655517204 -4.677462760125518 0
-25.768558370099527 -18.729292702989632 -5.5326168380108935 0
-19.49948992596331 -12.663749220655014 -0.5292886318974599 0
-9.052518617561075 0.6952469868744724 -9.98523621351563 0
-10.313861691074004 4.636108588314006 -10.98299678473089 0
-25.504448338554962 -17.460447474597135 -3.146312697995878 0
-22.897869639525126 -12.417606144763532 -11.460639740196951 0
-24.07705951940609 -13.945927513662111 -11.525567775707746 0
-33.152338693913414 -25.213069199243833 -3.3076847791363786 0
-17.487947245527504 -13.936812949029427 -5.893498826870432 0
-22.813400589050783 -12.618233440576326 -9.90414887738865 0
-23.38091649697711 -11.156528616536773 -11.663028686213611 0
-22.32833059555666 -7.7995948434513025 0.22048629456661395 0
-21.599838810827602 -8.60562779725604 -10.098312459550234 0
-20.33623650714765 -17.011959751979823 -5.272728925167673 0
-26.683761937324167 -21.52622075348244 -3.8231922202552884 0
-20.33222191812196 -17.435461610357436 -5.4353913321295835 0
-25.93994359075144 -19.644305248484542 -5.697118180430223 0
-28.45208526960183 -20.914200516584188 -4.9056310855353935 0
-24.796927042387715 -18.72892012679448 -6.5831485406790655 0
-17.588023623038016 -4.947860742761939 3.12456069095278 0
-28.348405645744243 -21.79005971740379 -4.972482485476295 0
-21.127444026367513 -13.690741160288812 -8.712196774397755 0
-22.782143331626543 -13.44599534989834 -8.918897374187235 0
-26.143155125294356 -21.67332638388669 -2.67266660509512 0
-19.21761260583209 -7.985281170641481 -2.893104185673053 0
-27.715329510476607 -19.854647388510948 -4.113111361276001 0
-16.94480558485781 -3.473839625405665 -15.659290383359188 0
-21.686331003493027 -12.882947024423135 -5.194013021010509 0
-27.57939343039504 -21.76315078672916 -5.272174058882111 0
-24.92414028251624 -16.82093282639266 -6.496183936030558 0
-29.35804599284178 -21.053311182667358 -5.023813115338767 0
-24.110626319602005 -10.154517539377444 -8.551589856914797 0
-26.97354752071804 -11.687349999483118 -2.35454343037918 1
-13.880075300769652 5.879419702178019 -18.19399854327101 1
-30.282360298577885 -23.87713919931968 -5.911113152494869 1
-24.70200288078081 -17.688328132201818 -13.641873919434685 1
-0.4661928645790474 16.38571526494675 -25.257403977537336 1
-32.95118754562472 -25.365120652152882 -7.103265449653989 1
-11.659222756987887 0.3085569106810153 -13.985706009899685 1
-40.203458270035355 -30.08508971942674 -4.58206331795563 1
-28.97192971957242 -15.265389088596134 -9.297542931133473 1
-27.214044413721446 -18.2236786613207 -8.160276458275966 1
-21.62600500079506 -9.54741432492252 -12.38740464441767 1
-28.65668956380297 -26.53521042786181 -4.101321170028433 1
-32.17643455950077 -22.109544454329345 -5.206456061892402 1
-27.147783876718243 -17.48129448452832 -8.539633324421487 1
-31.000442536627038 -23.859068265879966 -8.07575121551907 1
-22.044811153160516 -17.519040629376494 -3.4817423591207355 1
-36.15839214816021 -25.975640990313817 -3.9688648368128643 1
-33.950326126885734 -22.073992946235364 -6.528168343150547 1
-35.436778011720804 -27.440578434694523 -5.14558089385296 1
-28.999186085398932 -22.817969607201206 -4.729947495016788 1
8.419455065085993 63.522092207521894 187.5877649632489 1
-26.030841397818577 -19.73795563458704 -5.255315487068918 1
-34.046233617597096 -21.778359807866842 -6.584630754833687 1
-18.28024203602434 -3.391859321062007 -12.033957881801657 1
-24.74125422693089 -22.168900607259708 -7.184355456253726 1
-5.798198117914071 8.627698966251659 -22.465023645498256 1
-28.16418554188915 -12.37815171033539 -7.756874200226235 1
-20.274993672897374 -10.007165760513043 -11.933700281186374 1
-28.553623898934454 -23.611393110319675 -6.570363860884477 1
-33.438385045177725 -21.93743752412421 -3.8256644798711843 1
-2.985387369113544 6.005210086087357 -8.084325283724151 1
-24.17004438733592 -12.17153292978682 -6.758090772975197 1
-16.75897579991247 -2.490683684083354 -13.645940347483283 1
-35.482007652627594 -19.56273217301956 -16.06135087388916 1
-3.9678318400216424 20.6155462607128 -22.626213132146315 1
-3.1633539454471435 16.085366405295837 -19.188061884723147 1
-31.967574849683757 -23.255252264319203 -3.7450116533729965 1
-23.395052460323566 -11.175787041305227 -5.2839347308376485 1
-33.01942003996481 -21.669064412181303 -0.32473593162909964 1
-27.298324584649897 -16.93062442839865 -2.314537033875622 1
-22.477346713651748 -10.257056547351459 -7.016477157539141 1
-25.081109844705306 -13.901691337122742 -10.777507792504718 1
-27.23737426791636 -17.14348910092764 -7.052877319701421 1
-29.9479479911339 -17.810864376143527 -4.261954238580026 1
-7.382317606697795 8.73532250433421 -13.885122396119183 1
-24.831428377402315 -19.369971038901603 -4.005022049453837 1
-22.795533934921348 -11.356504443520453 -9.726921762120094 1
-28.839860557535125 -18.454218629412473 -5.329658973389838 1
-30.465321762555742 -24.933617501212705 -4.000463865462109 1
-28.73123392162194 -18.23695928336965 -6.196477719035801 1
-23.81240637380189 -10.801298983633071 -6.795011747679236 1
-27.438657805624345 -17.505859170999674 -2.318982856628158 1
-31.04993516008342 -23.056986284372858 -3.142660553228392 1
-27.072468528730905 -17.949173317904997 -4.645520564073502 1
-17.13324548289615 -7.09740246982949 -6.838626378683706 1
-19.6531613186373 -5.974571856138808 -16.358416949815105 1
-24.33267637124248 -19.540237789604593 -3.980703138656035 1
-31.136717713047336 -11.546563013453088 -9.939203626589242 1
-15.624754230094325 -5.013505400962671 -12.529032027880282 1
-10.95165331187574 6.079549598768678 -20.851856556247633 1
-17.54450950547934 0.8244806351611871 -10.093138849582523 1
12.261502283059691 38.892661622249975 -27.894440707930645 1
-12.811361870915942 2.2015943840335286 -10.206254224247147 1
-26.71751831199613 -18.044468609476986 -7.281829382709173 1
-38.929810564518824 -23.928275879265566 -12.035810370397249 1
-26.271160458568396 -13.225754336776724 -3.3008063453510346 1
-18.657704802817783 -0.6140696579408904 -11.445063408921747 1
-17.22850239265035 -6.747697890552167 -9.675370190353087 1
-22.39424681322336 -13.643901739513879 -8.571999407164913 1
-20.538401054746526 -14.751473442047663 -4.233310977295892 1
-22.60959668624805 -13.730157515926358 -3.60936507538129 1
-24.771302626846303 -11.936891248836798 -11.16928712430028 1
-31.269615080465677 -21.926671158998122 -0.4848920716086358 1
-27.471290319160186 -20.823752556072904 -2.4116038897571563 1
-30.396464456538595 -21.98256131231254 -8.660109708030035 1
-30.590779361393057 -19.168648351207324 -8.3582047757816 1
-27.524310810037953 -27.600531648366186 -7.229806498583417 1
-11.898711546184849 8.88960285505901 -24.718342608552867 1
-32.5294541337696 -24.48388720050697 -8.513139800384684 1
-21.786855627661602 -10.90880973476842 -7.542993474863074 1
-22.21908928139188 -10.72816252081623 -12.143548861303765 1
-26.67240989251174 -16.77442256064048 -5.492120573909719 1
-28.41863574206524 -23.33215960914989 -5.348270899691668 1
-22.168417308291332 -9.452690310721884 -15.114445730968427 1
-23.437793788271044 -7.781774613482083 -8.145124433447894 1
-25.395908076717795 -7.24766768708111 -8.377742514065671 1
-35.66795738895544 -29.0933081775776 -5.442960785456801 1
-30.319746575936517 -19.857198342229058 -5.737123720791688 1
-22.854072938917582 -10.095291031876913 -4.472622974493371 1
-19.387030709825517 -11.79703214943834 -10.638019027622802 1
-29.654620756389665 -19.902204375564743 -2.954452570135098 1
-12.245601503355555 0.6413737090062845 -11.41866338542626 1
-28.01931967044892 -20.094638803114755 -3.5544396948820154 1
-26.073640560046147 -12.445950159427763 -5.856708716735038 1
-15.936491647031598 0.11419127185764655 -18.792776072418746 1
-28.684166395477448 -24.959356747124122 -3.090934713908826 1
-40.15363422263523 -22.00557598817433 -13.00334814997204 1
-30.131529892760838 -19.64312904798063 -3.8788449997505055 1
-25.715078803127238 -15.111876370398123 -7.547032563212253 1
-28.854935588502464 -21.90618117288824 0.13399479836818706 1
-7.991941633467043 11.504304846353273 -17.69197699503507 1
-32.48933876319211 -17.643945529525414 -9.06414619305502 1
-7.714577736812636 6.4618837556983255 -11.266566632232973 1
-13.443094565955693 -4.3967556936411345 -22.768702990265687 1
-26.560893498961487 -18.69259527274408 -6.036445966519457 1
-32.19859792784338 -21.359072771917216 -6.710057515834785 1
-29.343561172228206 -22.038494642387406 -9.210146087302428 1
-32.355207849839886 -26.222596441579057 -4.14724565896846 1
-35.38814271815237 -23.87622831123027 -7.012323882108058 1
-29.802790753599318 -21.31573576227136 -8.484126318263726 1
-25.542485636693673 -13.335039814178959 -10.999612475757068 1
-26.096387572631656 -14.628610331930261 -9.383748173456059 1
-18.633953474504146 -7.1367785332260425 -5.194880659979579 1
-3.3438125423782012 26.507921855204817 -8.991232632849371 1
-29.72993181551854 -22.309208036420234 -4.108072934395057 1
-5.097897071691025 -4.853549007856927 -16.54960854857471 1
7.56386162583068 34.712946212220764 -29.196193569586185 1
-26.735386434500654 -20.1131883572937 -6.923823767026791 1
-26.198070428697296 -18.10115718315232 -10.115256511709596 1
-1.3038992030692125 16.166142572310797 -22.8051049670479 1
-32.39483818085113 -19.620144843559952 -11.857353425031338 1
-29.57826201619319 -19.086984215698163 -8.204277285607832 1
-24.276933247723793 -4.4686398495954744 -4.484157343632379 1
-27.021012187581587 -15.657161535000514 -7.403831637527382 1
-31.594208232905213 -22.649631604367613 -5.387967437779533 1
-18.293845303862042 -1.736442106961027 -16.558785892268485 1
-24.853925961369065 -11.85220218042907 -7.631869849311128 1
-30.367301482330763 -16.546331098954756 -11.263702420281202 1
-16.046686666840852 -2.174234784560311 -10.933217350844517 1
-40.50635875705961 -30.095505083343404 -4.546517256501172 1
-11.99542664372289 -0.8344005866420812 -7.682748622828999 1
-32.58836151924312 -22.615934351009564 -7.046848687919909 1
-23.234571414760822 -13.3770786222425 -7.410131483869252 1
-31.536881331504645 -14.425240125642125 -12.717303971546851 1
-22.62284251602269 -21.641688422180916 -3.1342972629849193 1
2.0970913585211965 4.389429267611581 -18.1973014729708 1
-32.44010312721801 -22.229925157280867 -8.361485649991337 1
-29.46631950357288 -19.943801051908967 -8.80722289637139 1
-20.812869852862015 -9.756100263033922 -8.645658983230625 1
-4.453775200825161 13.629876505397686 -15.188941983642476 1
-24.5524189634296 -10.94737876157958 -2.9352353813501137 1
-39.771432679087916 -29.58672437923874 -4.710287872255023 1
-22.02568612861996 11.234964826453677 -25.303210062879486 1
-31.7213954408533 -18.810248457769024 -6.6702748606260265 1
-26.182573399910353 -14.357305671783399 -8.369369584373933 1
-18.203172698963684 -10.979800097361643 -9.094792346639931 1
-26.01699709748599 -16.161859827431616 -10.522319427529528 1
-28.08305338384289 -21.47193346537462 -1.669975997839975 1
-32.18128584225189 -26.117480042226262 -5.6916608322633575 1
-2.967749779103981 29.939515298491276 115.57940252030622 1
-6.035888034107256 9.297836023353508 -14.54659674247954 1
-23.167911311395198 -6.745982860101352 -15.585988292215903 1
-29.08574155162303 -8.470455679782065 -10.818668942865479 1
-33.10719667117069 -23.555040039934454 -4.617853195177904 1
-30.791790893674875 -23.26202508236303 -2.47093970338954 1
-26.27201566929846 -18.703676946982206 -5.115649162764856 1
-24.491653294853883 -3.766980719953767 -15.196126812568316 1
-24.959101542343937 -18.34333279304708 -10.3036205703464 1
-27.1170475857649 -14.852209027162115 -8.94414987312496 1
-24.468415367368518 -10.464843754074597 -10.631195688807704 1
-30.67973565292153 -25.031513656081454 -2.6334730596665246 1
-32.79889712758485 -27.287317370939796 -4.3930466601918265 1
-3.302406465074516 2.6685201578342364 -9.506131307841025 2
-9.120830150043334 -3.8519556492676816 -3.973674736637375 2
-10.670770508177155 -2.75441255347027 -11.522710892832999 2
-14.079543576146241 -4.555855675821256 -10.293701760027888 2
-21.985827550844622 -4.425515034730135 -7.386544557935844 2
-13.558668749879228 -7.7369162532017155 0.34908704857698325 2
-16.381752009804202 -9.758169833954188 -5.357335965662887 2
-13.286576478100782 -5.970304064170761 -7.31903777900321 2
-6.482816532115931 -2.1355822545112604 -10.263181135749004 2
-12.155241287484818 -7.819936288878029 -5.436606868321562 2
14.817068501738307 30.09353928207298 -17.261200400066116 2
11.75395419480064 21.377099083900877 -15.029712839068088 2
10.365806792866511 28.558461504839585 -22.68674487188286 2
-23.480693315736627 -13.262446158859012 -7.867703334958657 2
-15.757783406991251 -2.098355854494552 -10.770884032910875 2
5.299129283574856 14.419072948261412 -8.332990294388809 2
-17.637748300924077 -6.0553669503741965 -9.781594747701309 2
0.4606078226264503 11.040880474821947 -14.454127648933966 2
-0.6258563354307207 1.1536487811632465 -11.795704099286382 2
-8.685382306148924 3.0370350292338726 -12.172633753778328 2
-9.15790192318675 0.23125150404323985 -8.62241948038211 2
-22.75101451932968 -17.125863690517114 -7.347205907012804 2
-27.341025872151075 -13.100227463223654 -0.6304743988728525 2
-19.090932716928 -6.66949132908048 -9.277997373312571 2
0.7586737888030857 7.420900645695912 -6.133231446149497 2
0.7586737888030857 7.420900645695912 -6.133231446149497 2
10.135021695984387 16.124845462937596 -16.212145637879605 2
1.1278478963503638 7.9904013687782225 -9.336318790517218 2
12.966149886283208 24.296819924640566 -23.118509124459255 3
-0.8280910029636459 12.376850390549155 -19.09867483251802 3
-7.657611525077438 5.692707466180708 -13.908634754900088 3
2.304335542666919 19.03242990801467 -25.472460452775998 3
-5.388667006380367 7.2296021998863225 -19.193785559571793 3
-6.1495624265921025 6.249902787614813 -17.442464153116134 3
-12.88825579985981 3.6711124531081047 -15.832819154227536 3
-12.838102708641781 7.649614008353154 -8.43018723841427 3
3.8341633978500367 25.490278730862734 -29.81863152857262 3
-26.749131129991493 -17.113194920278335 -11.721025477742074 3
-5.761781987225923 5.756894226453806 -19.340561735169054 3
-9.639347280216253 -2.405464358605575 -15.977925209113106 3
40.91667167010891 66.79992283661122 -46.80391932425688 3
3.306347896581765 17.64953325102063 -25.041840609168695 3
2.304335542666919 19.03242990801467 -25.472460452775998 3
7.018658247781866 18.763008318253373 -19.341746686590675 3
-6.57721253047484 5.9859719708244095 -21.56805102006439 3
0.10047955603084269 11.274293020200139 -18.498114182312925 3
-6.655892786264023 5.7268201181106075 -15.060322692332996 3
-6.655892786264023 5.7268201181106075 -15.060322692332996 3
-13.09377433926115 -3.4031409821456453 -9.051058060624834 3
-7.912675653405104 3.145096921654742 -13.065970476936487 3
-19.849758746145362 -11.510335267934868 -10.376212462155058 3
-21.921661993873215 -12.897390086048421 -6.3224639880183835 3
19.92757102889464 39.78771304332823 -32.66618504777897 3
-8.836205908942214 0.6281446798847732 -16.079441138636426 3
41.665110706864525 63.16149547603129 -36.81157245550777 3
-6.909882601761675 1.8328725026479096 -11.063663523922733 3
-7.147660696328694 4.31025567475522 -20.349695881086923 3
-19.399579829311268 -15.476423826231436 -9.02106155245763 3
-10.78523050112185 -2.6410800996976675 -15.817924023960671 3
-16.252827902889585 -7.416097785670484 -7.2275541407875545 3
-1.8449464856686282 25.05025836980551 -30.23255877984939 3
-1.8449464856686282 25.05025836980551 -30.23255877984939 3
-1.8449464856686282 25.05025836980551 -30.23255877984939 3
-1.8449464856686282 25.05025836980551 -30.23255877984939 3
2.7705980122323566 14.652817635580895 -17.279765125373796 3
-2.5086080766894887 8.446885479009113 -19.482488626261635 3
-21.112805473733268 -20.099914552649864 -4.75247015480835 3
-15.007844358014648 -6.21079281946162 -14.338194458257322 3
-14.88657060562213 -5.179264049077624 -13.287231734578251 3
-1.7933491246219062 11.638483237179717 -21.98331626853801 3
-3.433253653466814 6.837017127786607 -20.23649520122446 3
2.4115397229356437 19.146056682791162 -25.485591927932578 3
125.53998389811173 -102.21851286793903 14.032032181336456 4
172.30863974164808 -117.11213179648799 39.55657281748956 4
161.23620806758768 -82.83831922821375 -0.1771833746744953 4
168.12417793405467 -140.37335979233774 24.07581420731757 4
199.17228454783398 -162.11529586227627 33.79868705423122 4
104.55625221344816 -91.60039412326705 14.585152074398028 4
62.3042551284739 -61.534098902047845 11.743841013835777 4
293.2050360615686 21.48987860586777 -48.4217620776345 4
317.0590790889904 -23.337189555183286 -36.691579204180215 4
207.82339763965197 -55.819236314072825 -14.531518922197211 4
229.82206573921167 -89.17537890103566 -0.42559679375519543 4
174.25428736541738 -117.74751781021527 17.63916687801691 4
216.55039246132526 -98.91655246154929 16.53979240108486 4
250.89644426302982 -193.72268084133518 22.863647103892447 4
220.20195997272083 -116.46980126247846 11.412561386483432 4
87.23068702361367 -63.169461199039404 1.2531128788598132 4
233.34511508849747 -172.97544065587695 25.8658329557301 4
253.7260647743844 -183.16837993528395 98.65719575482461 4
359.3549358568374 -244.83117169634986 51.3411678739573 4
178.42224100529546 -134.47948144778206 19.997915115697538 4
332.6368970307946 -235.85230221444607 71.96122562184613 4
79.70112153384923 -100.38860699497678 10.603410610752189 4
160.53172559209838 -98.10908312614539 11.73616958876069 4
159.58188349921292 -109.57397295271706 17.57437435972882 4
216.09123871669166 -103.8917534393455 25.344458909608697 4
290.59803655409564 -187.2992912014452 36.69209363834292 4
288.0348113453221 -167.5950845784145 30.802332765903067 4
23.03467524800588 37.46229023895542 58.608865251941765 4
257.3289519938892 -196.612852202516 55.44308345308303 4
169.85959543074205 -149.00609682641502 24.073187822696546 4
83.45519534973978 -62.96769093623396 -1.3014287121394315 4
159.16605372527846 -116.69693118043973 21.081627479735786 4
48.43080983537857 53.224133632809085 -43.55821836386157 4
127.19858706837609 -32.159422112063815 -1.6659988747539605 4
108.65699422779569 -88.90290673843188 13.176736780734906 4
186.111859397922 -54.59182572206045 -38.94851008104862 4
55.098792922440985 -72.4131855429298 3.5214320263589887 4
155.3241065532064 -115.92538337883784 14.149041298412385 4
264.5359689431635 -62.24621007652542 -9.228878943568 4
219.72770971340407 -154.88390164108557 42.62546617702829 4
165.85693041627053 49.005701278745434 -51.268374586904805 4
118.0591009249999 -92.98930871668158 10.518977863736087 4
171.03341941398256 -32.755114272166445 -27.21125066431048 4
149.05451603393678 -106.77664952816227 13.135316084128593 4
86.91418627287769 -50.46843713068661 -0.8685038267540861 4
360.2753657237688 -200.1877651908828 33.727487657239905 4
174.84545042674623 -93.42261983667017 6.523574400310743 4
238.7500994737219 -195.6080817907948 31.107082184385376 4
170.08515206112799 -130.04229356294888 16.882512274579653 4
81.48166080008431 -72.62821458710872 7.655754285754616 4
65.46525820844872 -59.39475207162729 9.409982580604883 4
107.08896052599705 -75.08117285663803 1.435355723901731 4
63.71766261130018 -54.58646771350007 4.302874232231277 4
112.01317546864688 -90.29886921653991 18.455460452439613 4
-40.50635875705961 -30.095505083343404 -4.546517256501172 4
76.3200976990079 -40.81821495585056 -10.85382431370839 4
289.99519035497457 -167.71908507833612 34.19153318353713 4
236.11356480145966 45.137803351225685 -52.34950492003591 4
107.5710682176354 -51.03794649918825 -1.5017969336699988 4
159.29958715224063 19.49399246396862 -30.833422171040525 4
160.5058485867022 -80.07158670121768 -0.3975684609663581 4
101.15184505705604 -73.77963025232158 4.403330980381009 4
-40.50635875705961 -30.095505083343404 -4.546517256501172 4
106.54316713983745 -78.32247222465936 4.582042234422357 4
84.98481549731724 -86.63096231503725 9.169828495654164 4
220.09055498990838 -142.93213456403956 10.179480666405668 4
182.5310493494706 -60.74545360331827 19.537503298188412 4
70.14427370937344 -68.53070895312324 7.340538136526606 4
165.02982004162655 -118.67749714521179 13.302295737610832 4
11.710673824130716 4.001322339548736 -22.55156963565119 4
353.345645623036 -242.488496150471 38.71720789571447 4
146.67507345466262 -109.77101050027956 23.73345253477719 4
218.4527520549476 -134.49475064614083 23.47745498964302 4
297.89856079118823 -214.01150266647474 32.50710477508579 4
150.29789561854568 -122.4280988386114 6.3417475641251215 4
186.91748316402052 -105.1260720244168 28.241801716439923 4
287.01756168830224 -165.99405870763707 88.73938535486064 4
153.44319864475017 -152.22636766169117 17.593731322336993 4
99.7761063162921 -64.09972859623066 7.80187256023387 4
265.27666036751594 -154.47676477108476 17.07655907913967 4
131.94976230186745 -111.56394790913757 17.100693201238393 4
118.82103592321423 -90.13052840112557 23.57349680592554 4
97.04863671939951 -127.0473536081072 14.757838434651031 4
166.14988434597223 -163.49777393166875 23.1181433353409 4
91.50203253898539 -13.398552710664116 -16.30859382301231 4
108.29862200878293 43.92081725337492 -37.3619298489258 5
48.02470437837534 54.3816163533859 -36.30293517602651 5
57.15889010434768 65.8883435908374 -51.0627283079628 5
101.20523775054954 100.12882342991975 -68.03169400909826 5
46.862804351438534 78.44123277961816 -59.54089421119796 5
79.73951563191804 76.23121028705329 -45.27085157945087 5
122.07945726490377 146.66202379763104 -75.7466078538321 5
40.04616800219308 -10.349539596100989 -10.040761382043748 5
7.888109944275388 24.429567264789544 -18.761119470772652 5
57.420194576081755 74.42444920235418 -44.588220072326536 5
23.195072158268932 20.064474576384207 -17.286913421634107 5
15.64311871002438 22.43995290638707 -20.32784099137851 5
17.713412787701444 27.988937254514273 -31.517354608095914 5
12.99250293767883 33.367071645553416 -41.292848984025085 5
105.38574119135572 163.70378917998787 -68.82504538179842 5
-0.14725710701482564 1.788500467051815 -13.748393475932321 5
29.07458776670161 51.893858168141 -21.133430949718637 5
-14.646950062966617 -3.7227376785860127 -12.596706080744648 5
139.38329329355037 235.71353835898188 -165.00796632010565 5
136.89310272367098 124.8168124800306 -87.19257599829591 5
44.52957736885794 39.20216980159036 -46.322770101206466 5
88.4052480588892 47.74850916949682 -37.30813471539054 5
45.532061609292754 56.32426808466052 -36.921784555783475 5
55.551712989533534 37.35588098406184 -6.782389576878078 5
5.367510914208744 15.77187913736241 -14.231205193425762 5
89.97093454888955 42.34664628877675 -30.40748979067805 5
94.92036933231448 44.18941806582567 -39.753734092906484 5
72.50201750665347 44.79976452116583 -31.19343416083116 5
10.847941783030997 25.63528215476319 -19.849527396438646 5
-20.947781242393543 -5.478409603954513 -6.002262527762976 5
40.397645449533634 65.67328701861237 -39.7323054734161 5
26.79083821359978 18.6028750062249 -20.57554524582362 5
52.642436295514386 66.41729693482266 -34.84309467727283 5
86.01702203399199 121.12392016470368 -36.93376829597537 5
16.818771925929223 29.4786407293454 -21.99155421045011 5
90.87556055039087 75.94356408339799 -63.870933063415094 5
37.373629869540366 55.518059926663334 -40.16101031764526 5
79.14328605830843 126.6380692451627 -77.76706228876566 5
65.35624923660221 49.12081556921698 -14.421469408494477 5
49.01940663460729 37.1443692224021 -13.246068317139613 5
112.39589649471938 130.80366561323746 -31.404337391560055 5
16.556399660282217 30.818646215411448 -23.343059587292842 5
83.80651472653237 156.20345844442483 -122.10321426137378 5
83.98384592655562 107.29249028226096 -77.32948333630175 5
37.422538120692494 61.76986896204648 -21.96845967726177 5
123.49873666387919 155.73884351478964 -78.96366624707977 5
13.725336666007221 18.29764549359023 -20.99545088096378 5
54.28184251949733 44.90106486708911 -28.65597134217285 5
54.209828965350795 85.50386088696659 -46.254275047456574 5
46.751233501217655 77.79522983013904 -64.00092348954416 5
22.250008755086355 13.656821291689887 -22.514972887011623 5
129.3082620838337 106.94244094805656 -59.59479104527959 5
40.77685278587759 71.38914758044363 -68.81185102953134 5
70.90272094315229 101.85075291047252 -89.76790181484422 5
28.840976189113764 34.22625978311557 -28.0887442474669 5
20.51553259435312 10.246703695014 -15.477415399177115 5
69.57570216412984 68.39211919453379 -41.167505998557374 5
45.55671016419406 43.63907224675969 -18.210962254287352 5
43.39820104259002 38.1520396280445 -30.83124251543469 5
112.44060168311798 106.79229020629863 -49.579716939525234 5
4.5019793054202175 12.454853917288272 -13.955167884102062 5
8.54756346421678 23.484431230119185 -11.358201743431842 5
100.99950688759733 85.39693710080427 -71.32933040624097 5
16.271952543973484 33.910277048604335 -38.53459120639338 5
34.51479740613892 47.56392499242239 -19.762007875739 5
64.39796245749194 85.69806923637711 -59.37613490997724 5
10.067727548554958 13.18705059340363 -15.028510890654328 5
56.82400281413184 50.935995126451324 -41.157471980677514 5
13.360800580710077 30.88013049145743 -20.90148683174937 5
98.36883242130834 121.91191107153931 -56.06263576047954 5
59.17226293274151 31.725774037665236 -23.595641289963908 5
26.95389350960069 51.41851909853607 -31.94985242869307 5
20.279097802011645 34.82291476305742 -23.90180089659927 5
36.401924159309914 70.2207203011166 96.66391753233441 5
32.14084534823891 36.92127267618514 -28.203323979069253 5
89.0063957433326 100.06347309090627 -48.12343851731073 5
93.04230524059057 99.40162990856706 -21.419757213982557 5
59.74610135600876 88.29309520192902 -55.0711919247761 5
66.59779271283318 79.90335496686643 -42.98545164916467 5
89.04872320082643 112.13553277078753 -43.82159159493431 5
89.04872320082643 112.13553277078753 -43.82159159493431 5
113.06102782324743 145.38831137071784 -83.94877759713304 5
89.39342124042034 133.8662738354792 -72.34587839731736 5
105.58269298245541 186.59528622384818 267.3236104722384 5
105.58269298245541 186.59528622384818 267.3236104722384 5
48.294298591023406 72.31784384096385 43.82440569774974 5
101.86258984583424 180.43375668373784 242.7408143975713 5
-18.649132707513775 -19.916114699254997 -7.853920325543654 5
17.82894397742986 42.16485772773677 -25.24793808601084 5
36.06027634687058 53.57956850495899 -42.31292349718686 5
86.21406822738277 138.49309739480975 -76.61417419103901 5
37.033079580844365 67.5766397009882 -57.457664586476085 5
57.68380655875613 107.76379229679185 -94.50204206469947 5
272.990020475963 389.32344752532646 -166.07214291497817 5
273.3300386948599 389.6420113756198 -165.82699194482927 5
76.04554617334657 138.11074876629166 -112.53385930120078 5
102.52194666527188 45.04323239831362 -42.131634732226274 5
57.61095294687595 70.6797440105456 -68.7483112175439 5
183.42666796192373 247.43461511487314 -133.4889875021795 5
131.9476074055958 176.14449653833714 -100.42134768800324 5
69.83195534864566 56.029909756849285 -27.808828706736602 5
33.87638215731129 38.49964397593273 -39.332431236980725 5
37.44665915191894 53.168318143369426 -33.22928942366464 5
38.65555160890196 67.20309028483483 -72.42986214636957 5
29.04345305873884 41.61684925667049 -19.85481916962525 5
126.7745223542785 167.4885016029476 -82.25310427099721 5
53.88855194181316 11.504864689139108 -28.45310956256062 5
49.09716628953177 52.85925961981508 -28.364682553717323 5
46.497737833322965 63.32758018205434 -50.0009323712309 5
102.66975130454412 126.62601013779835 -76.83305332554917 5
66.65155268423734 66.31587310774934 -58.69527085682925 5
105.05059321204835 130.73371151456487 -88.03302193745078 5
76.02829585636388 90.48508691271545 54.163636448359256 5
26.05355680218705 23.17646143443863 -13.046165061090399 5
93.46469813606369 143.94479147715484 -98.81897699416594 5
40.01220971615864 34.17083624194144 -3.6694382195151007 5
63.39686299491235 39.46057443115483 -41.27891281339585 5
57.613351347428654 30.95525715025083 -25.782122701953234 5
63.89872016380641 67.03296830488934 -44.03775863254024 5
28.457664154252242 31.404835073907357 -14.049418503332573 5
26.6582807200196 57.5760876079453 -60.5217611518714 5
22.13865335543986 28.94388909938313 -21.27544987820356 5
73.7780578022584 97.81417285034641 -60.566632579803986 5
84.06388363753052 86.4122472845901 -59.26043451646187 5
19.29271813886511 33.11642830781534 -27.671515179017874 5
28.190156178821088 52.856904004894425 -28.687466993614933 5
-40.50635875705961 -30.095505083343404 -4.546517256501172 5
31.253349346343402 68.11466444951712 -59.38147204541863 5
92.6810456773333 57.66084829724116 -42.25333829505087 5
99.93006111113388 159.84411546930292 -127.99175528594786 5
64.06719158237726 73.53668123237169 -36.88329499045739 5
52.407488721100464 54.93789874847271 -24.68293961002997 5
0.8713176943752792 14.559999142544061 -2.64484631085192 5
9.75927185927649 17.47356682407113 -11.401803310710413 5
12.333155859172322 33.08679999749116 -10.204936055532599 5
67.05590034223586 77.045779135243 -37.67804212908827 5
22.66443196796989 23.541282607945952 -10.903994265662165 5
32.82905228276072 34.78632410664165 -24.866206534425874 5
55.93831334863578 73.44985251955127 -37.764978637372586 5
30.846959315364195 46.05956655513783 -28.450820586749337 5
-5.985354319530075 5.459694649111957 -13.119575657824246 5
22.17796333773307 42.29424895160588 -18.157688043250783 5
55.44400192297679 90.88110886111366 -57.83568156935691 5
26.778207330704838 45.05758438341094 -27.75352383741989 5
21.868420414401726 46.507103990864934 -31.01997501491835 5
12.190872199995232 32.50010085744759 -18.6670498468096 5
-17.39175943455887 -14.707151268951772 -9.936548721091135 5
115.6643432551768 107.32320412108494 -81.84302033326034 5
87.62001403547642 90.4895117919648 -63.96877562599887 5
103.02690105217377 80.68976454483054 -69.17860572335998 5
16.41285114391561 28.975234230943702 -9.726240717105988 5
9.078355192167255 7.149827359133864 -14.56446198176862 5
33.16212257552945 49.191383279252356 -23.125556508150964 5
33.16212257552945 49.191383279252356 -23.125556508150964 5
28.433001925085534 44.5982045639747 -22.877362854862028 5
68.99055821370055 72.31627673664082 -10.189916988153175 5
161.45713514162995 188.68499712260433 -65.7627850798014 5
107.11496404101341 75.04863795697038 -66.39253822325871 5
72.0670671209613 130.33998235486018 107.23457965558353 5
64.73519340604798 94.05536156276042 -39.50451274772058 5
77.34240305981596 113.62348592775282 -60.08831288277879 5
50.56523646510734 105.29582217657295 -90.42927298192416 5
34.21987773241591 84.74980094321533 -75.97172051312336 5
49.221075395633925 108.77671980843715 -93.15876761976664 5
43.84325401976265 92.89242372261816 -82.0142534888061 5
58.22323811209155 118.09395965812115 -82.83156458978611 5
50.16580286656067 95.90418986923719 -87.98377429754926 5
56.684618571415875 115.37512403823385 -101.02339696561096 5
93.92300375940563 159.31624759836828 -132.98741718966465 5
13.368550280152569 26.893620018464322 -19.4625829448552 5
24.211893651882132 41.64374599622864 -24.742447547096447 5
21.38462299468761 15.446029584224952 -19.00869325701182 5
32.33190941550759 44.360627563058486 -24.051434079073097 5
40.99748598074166 29.43672305316463 -32.388777545092026 5
37.320325932196816 63.184862697374996 -46.5702003508892 5
64.5045445391841 87.72968483052313 -62.771906661352475 5
11.607801433985426 30.570623390035703 -14.47439452258691 5
13.760261119344891 28.338169283720898 -18.127400363944663 5
134.07351331288754 195.03158803533688 -110.87736553803335 5
58.179602622449174 99.57609699394557 -86.48630899019281 5
58.08763882783777 99.61250079028426 -86.46700843174048 5
43.070927048361085 66.82112420795977 -36.314510877166946 5
20.277195210139535 28.38848892429618 -22.13397004080415 5
54.21003004663335 89.20592139279287 -69.63301455061054 5
37.57336444794516 38.244215009331874 -26.38813856360335 5
48.38239235154872 64.81286520177504 -30.961320282137905 5
8.228023915426293 24.675598163948298 -19.23143391425767 5
84.43816025538247 150.96266917511093 187.56147622420107 5
57.77663253399877 95.64002836794481 144.21580999480346 5
-40.50635875705961 -30.095505083343404 -4.546517256501172 5
-37.94819204545215 -26.215111234501556 -6.346587993604388 6
-32.20424022204052 -19.407836949883503 -8.197453189184312 6
-35.21078859394741 -20.64173221576769 -7.783648744232887 6
-19.20712162443972 -4.721476824937603 -19.136618777244717 6
-24.710958838513854 -7.553236770633204 -15.668314872746333 6
-26.248019838633518 -23.301449579241847 -5.023691413975392 6
-22.273518143606747 -6.243450853891639 -18.59345328384503 6
-37.342271453935055 -26.727052355375598 -5.368065735924263 6
-29.87819462488637 -19.098146589331602 -9.326275050244433 6
-28.12860912467764 -14.520875241033696 -2.443732503726695 6
-21.393675505858326 3.6518528018923915 -11.735789788275117 6
-27.63122452635376 -16.19171908077502 -10.517723264042345 6
-36.174211834027524 -22.274544967457892 -16.668862282930853 6
-25.306144874639212 -7.27247437048484 -6.723978962147488 6
-32.574456774381574 -23.3966124235508 -6.0795197748350915 6
-6.2891812571338965 17.742156543346262 -23.294552905663288 6
-18.78019810453898 -7.786205850243478 -12.196807468126522 6
12.722698096774216 19.34034473142227 -18.616153839597843 6
-37.82524149977312 -25.333707461644558 -7.421832841921374 6
-8.582406414614779 8.375167157235822 -17.240945484528034 6
-29.670626489164867 -19.668770132670613 -10.735046772834085 6
-28.197872523407202 -12.515676852687998 -2.42087742396356 6
3.4705367104427767 29.89613167437369 -24.61258987796599 6
-24.933730996993894 -12.402075393571325 -4.834288536043679 6
-31.482172542900265 -20.72631521854951 -8.060632846732187 6
-32.90771765195753 -26.52469698884963 -7.517702051476965 6
-22.270809919343993 -2.451465661736953 -9.89901449950972 6
-28.186542422262473 -22.24286364478403 -6.117877826864809 6
-31.41757062999917 -23.865878737348858 -8.127730326687459 6
-34.510813303625156 -24.405854407281094 -8.761767544940529 6
-31.89314683606425 -21.772230297099448 -9.466244673331975 6
-25.44525989131465 -12.79530280376844 -11.359894606127243 6
-27.11377453527283 -11.564097238224976 -8.844404550451454 6
-38.01930693046329 -27.154689572388282 -9.421899764053393 6
-35.990709350037875 -25.467949154022456 -9.443847395580141 6
-33.42180348349399 -21.640239208028063 -9.287869800020045 6
-26.0602206300449 -12.311486248113418 -0.1169999076961048 6
-23.92391967606335 -7.344962878390652 -14.492698480179946 6
-25.04211177283417 -7.479502069791155 -1.6435407643288356 6
-32.935253786086825 -18.02130609735611 -2.657904596694049 6
-29.76355604157072 -17.95943068128789 -11.238914143628008 6
-19.79731427617148 -5.710860470539348 -11.64022643355603 6
-36.47374970693715 -25.911438591392006 -6.666177325666688 6
-35.74670150112104 -24.649762119113426 -8.115268533511175 6
-10.693215062428152 13.222983817095418 -28.191167039066244 6
-26.485789018264754 -8.48447987081221 -14.55961238211628 6
-11.464855577169622 10.1007428199386 -16.712811277547928 6
-23.87469386740925 -9.69853523237571 -15.496219237240894 6
-19.233052208575657 -3.582251344840534 -14.671227347518192 6
-15.651862526698483 -10.049714131679899 -8.163550895913797 6
-34.05563869987123 -24.378833584531 -6.676261821646131 6
-27.312642322643544 -15.936334456757802 -8.64123664173124 6
-29.13776719248754 -18.294756670874982 -8.470705589333976 6
-27.994508331044678 -18.004756914223755 -8.398871320392715 6
-29.82450851065183 -18.85253235824017 -8.007290261726071 6
-11.78381090034748 10.493434638540604 -14.678038831399748 6
-37.241434290086964 -25.992278864499244 -6.7205993759877884 6
-31.717312216057653 -16.542759799153057 -2.4312847709045133 6
-40.50635875705961 -30.095505083343404 -4.546517256501172 6
-5.432993194616853 19.938559695074307 -19.12873147407211 6
-1.4286401018467743 24.038301914886226 -20.023095692906708 6
-21.978147061908448 -8.138925179733679 -4.265238409864692 6
7.842575265991162 41.559404213726275 -29.70256277926969 6
-23.80113922767561 -5.846202125285615 -9.54470352977092 6
3.0505655337153748 37.545330963957284 -28.42302606463803 6
-33.393734787177316 -18.997326896007475 -11.496498008787853 6
-34.923916305061574 -24.2470231750936 -7.265362664665226 6
-28.620174320087248 -12.426384616352493 -12.031610736117228 6
0.7491991741058306 26.71107599229698 -15.518522783004984 6
-10.434354815524099 -1.5352977561502579 -14.009612059883628 6
-31.456274573828882 -19.746131087153906 -8.872712425074397 6
-25.553242517029066 -11.91118564416589 -9.158527491704305 6
-26.080389552112635 -8.566773883657355 -8.408138078051238 6
-27.201897341269216 -13.324873896098271 -11.690434334564934 6
-24.15094850375483 -10.609835753483283 -12.357659556626562 6
-28.19082894513461 -22.148725119076055 -5.373386988307539 6
-30.000933840694344 -2.4118818448710098 -12.536283015926193 6
-27.82677814495029 -20.672442051054183 -7.075388996477651 6
-22.45250455631978 -7.51577727223609 -5.910635793532355 6
-28.27066173915849 -17.273389437042113 -6.616398342131866 6
-21.776199581155332 -10.746680072200018 -6.862587604028621 6
-25.880279356411503 -13.77064928587382 -8.606899640848077 6
-23.318205571905946 -18.184162751380875 -5.32594101956538 6
-6.6117697849538155 -3.6576340264171017 -10.859457528321053 6
-32.45047456292655 -22.494674367523448 -7.642979308842012 6
-36.848277782984525 -25.430666737933528 -10.788726845486828 6
-24.025007133242617 -6.3482872677453654 -16.85375157656861 6
-12.648867754569292 9.655830620207237 -15.65263879883524 6
-33.88227344429963 -20.554992587555105 -9.033079340339272 6
-31.29732489892158 -16.307257493565686 -3.4485630017395383 6
0.2506662529475534 27.613860262250263 -18.944140467549403 6
-25.55322842858768 -12.12609207514994 -18.268989853870934 6
-36.29039191271721 -25.289889904032663 -5.734265771174005 6
-26.735386434500654 -20.1131883572937 -6.923823767026791 6
-20.61574363552636 0.32556459860652165 -11.71141628088867 6
-22.944030571716624 -6.421358664622111 -4.712747138724597 6
-17.68705469186117 2.530598438714959 -11.16542125019524 6
-34.1742954838726 -27.23904136697524 -3.9823807854929214 6
-32.96282126047784 -25.210176988698706 -5.604118042415019 6
-13.576993711424505 11.062728973136213 -1.1865663648575748 6
-15.040322892036436 2.7655485715621904 -18.529865368484145 6
-26.228284862774746 -11.979727279020869 -14.084239266429947 6
-20.159068066168388 -0.7701981719492821 -19.11293185532024 6
-30.00443703979006 -16.718965769688026 -11.969703914763222 6
-33.543037452917446 -26.199865463718638 -2.8976706353411608 6
-34.565672359218304 -23.420031359985387 -7.591891344286193 6
-34.020284650045454 -26.747455721806176 -9.535260645653256 6
-35.4873572286545 -23.76700658258701 -9.125750479850637 6
-33.03706993117611 -18.998741823975998 -6.6410453979458826 6
-23.084363758899045 -21.720903319387524 -6.917873846652915 6
-20.96441182685523 -2.6911004417465074 1.4645030910118946 6
-6.371447025852449 11.264949953345738 74.42737149371203 6
-7.295743039891004 -6.465745661006942 -8.289171414354431 6
-26.898823098844968 -11.584159650094245 -7.67005755458751 6
-31.500248881876914 -20.278180241818795 -8.891888248761491 6
-19.522311879625736 -1.7005743194911735 -10.815934085304844 6
-29.90686281096241 -25.344009544610863 -4.8744168743297855 6
-12.966324637913718 -2.0023543957833354 -9.280934476287275 6
-22.911286707351753 -8.153601575366576 -18.4073442168123 6
4.516855630422459 22.17251958774958 -20.645759293490677 6
2.533563741674247 -5.294475765331517 4.880275029995229 7
3.0270021914822154 0.23943906193700482 13.433609554555812 7
-20.303713583486115 -19.659154901338876 9.92364759835035 7
-9.418194046845493 -8.292497511974183 -1.1941639237780457 7
55.990786404854674 78.78405305516458 -42.12881461527365 7
-17.11799495687328 -20.742388641138277 5.16894622861373 7
-8.138401302700808 -2.592050122089242 -0.6720244915512739 7
-16.716550490859575 -17.084150627819803 -0.28096148314856784 7
-9.981834670913997 -12.026323497117833 7.74606216603965 7
-7.136905816177291 -7.37293056435401 -2.6233862403743426 7
-3.408927267993553 -4.367014807009063 -3.4610259791112856 7
-30.282360298577885 -23.87713919931968 -5.911113152494869 8
-27.214044413721446 -18.2236786613207 -8.160276458275966 8
-21.62600500079506 -9.54741432492252 -12.38740464441767 8
-22.044811153160516 -17.519040629376494 -3.4817423591207355 8
-36.15839214816021 -25.975640990313817 -3.9688648368128643 8
-33.950326126885734 -22.073992946235364 -6.528168343150547 8
-25.35991549298213 -23.671974941966454 0.22102941706593526 8
-31.445810446071775 -22.911648806748985 -5.4728008151565 8
-35.436778011720804 -27.440578434694523 -5.14558089385296 8
-28.999186085398932 -22.817969607201206 -4.729947495016788 8
-29.971952182354862 -23.148560065774976 -4.397607445648836 8
-34.046233617597096 -21.778359807866842 -6.584630754833687 8
-31.01200298258854 -22.71534688117822 -3.7100634884492294 8
-25.16803704755076 -18.762794578601522 -4.32605384900906 8
-37.48932913154001 -31.345579743198154 -9.513397549201866 8
-24.74125422693089 -22.168900607259708 -7.184355456253726 8
-28.16418554188915 -12.37815171033539 -7.756874200226235 8
-28.553623898934454 -23.611393110319675 -6.570363860884477 8
-33.438385045177725 -21.93743752412421 -3.8256644798711843 8
-12.35073120695939 -6.135296160310308 -14.037774528629985 8
-3.9678318400216424 20.6155462607128 -22.626213132146315 8
-31.967574849683757 -23.255252264319203 -3.7450116533729965 8
-25.081109844705306 -13.901691337122742 -10.777507792504718 8
-22.477346713651748 -10.257056547351459 -7.016477157539141 8
-21.234847562005243 -14.56934838061323 -5.454627891895816 8
-25.023311650476256 -19.024131668461436 -8.196753148554713 8
-29.9479479911339 -17.810864376143527 -4.261954238580026 8
-7.382317606697795 8.73532250433421 -13.885122396119183 8
-24.831428377402315 -19.369971038901603 -4.005022049453837 8
-30.465321762555742 -24.933617501212705 -4.000463865462109 8
-33.54541688468128 -26.16414590417918 -5.989703162235218 8
-0.4661928645790474 16.38571526494675 -25.257403977537336 8
-23.81240637380189 -10.801298983633071 -6.795011747679236 8
-27.438657805624345 -17.505859170999674 -2.318982856628158 8
-31.04993516008342 -23.056986284372858 -3.142660553228392 8
-19.6531613186373 -5.974571856138808 -16.358416949815105 8
-24.33267637124248 -19.540237789604593 -3.980703138656035 8
-29.929661745488986 -25.156715058117584 -1.8528052274919347 8
12.261502283059691 38.892661622249975 -27.894440707930645 8
-19.74583461630241 0.19936958702210195 -3.5200691641176483 8
-17.22850239265035 -6.747697890552167 -9.675370190353087 8
-31.269615080465677 -21.926671158998122 -0.4848920716086358 8
-30.429625415222326 -23.947150593326068 -7.70276575744121 8
-27.524310810037953 -27.600531648366186 -7.229806498583417 8
-29.17171765932695 -26.319078625784847 -4.036443066757876 8
-32.5294541337696 -24.48388720050697 -8.513139800384684 8
-28.732161282511914 -20.837205847986745 -9.316878054130477 8
-21.786855627661602 -10.90880973476842 -7.542993474863074 8
-28.41863574206524 -23.33215960914989 -5.348270899691668 8
-22.168417308291332 -9.452690310721884 -15.114445730968427 8
-25.395908076717795 -7.24766768708111 -8.377742514065671 8
-35.66795738895544 -29.0933081775776 -5.442960785456801 8
-30.319746575936517 -19.857198342229058 -5.737123720791688 8
-22.854072938917582 -10.095291031876913 -4.472622974493371 8
-19.387030709825517 -11.79703214943834 -10.638019027622802 8
-15.936491647031598 0.11419127185764655 -18.792776072418746 8
-31.458922220349265 -21.400208782215575 -7.931781215081786 8
-30.131529892760838 -19.64312904798063 -3.8788449997505055 8
-1.9963147126313654 36.636480023664255 112.34451564272155 8
-7.991941633467043 11.504304846353273 -17.69197699503507 8
-32.355207849839886 -26.222596441579057 -4.14724565896846 8
-35.38814271815237 -23.87622831123027 -7.012323882108058 8
-29.802790753599318 -21.31573576227136 -8.484126318263726 8
-29.2037427468388 -20.879494065709316 -9.453339432606633 8
-18.633953474504146 -7.1367785332260425 -5.194880659979579 8
-17.49773822757256 -9.43370042938361 -10.348058338597903 8
-26.198070428697296 -18.10115718315232 -10.115256511709596 8
-22.219510234213075 -10.444273055727193 -13.772747794117139 8
-24.276933247723793 -4.4686398495954744 -4.484157343632379 8
-27.021012187581587 -15.657161535000514 -7.403831637527382 8
-31.594208232905213 -22.649631604367613 -5.387967437779533 8
-18.293845303862042 -1.7364421069610234 -16.55878589226849 8
-30.367301482330763 -16.546331098954756 -11.263702420281202 8
-24.853925961369065 -11.85220218042907 -7.631869849311128 8
-16.046686666840852 -2.174234784560311 -10.933217350844517 8
-11.99542664372289 -0.8344005866420812 -7.682748622828999 8
-32.58836151924312 -22.615934351009564 -7.046848687919909 8
2.0970913585211965 4.389429267611581 -18.1973014729708 8
-26.09736256999177 -15.321770254355348 -4.109237493725795 8
-31.7213954408533 -18.810248457769024 -6.6702748606260265 8
-28.08305338384289 -21.47193346537462 -1.669975997839975 8
-30.95266137790468 -21.81383850067132 -4.848651535856806 8
-27.34550181268377 -27.72112793088042 -3.6481860713524945 8
-23.08570912861997 -11.05390144972635 -5.139414198885374 8
-34.63588760856992 -24.759989427046726 -2.6482147569014263 8
-23.167911311395198 -6.745982860101352 -15.585988292215903 8
-29.08574155162303 -8.470455679782065 -10.818668942865479 8
-33.10719667117069 -23.555040039934454 -4.617853195177904 8
-30.791790893674875 -23.26202508236303 -2.47093970338954 8
-21.798759830253694 -11.224635444180526 -6.148086170864206 8
-27.42415222050142 -24.090407961776283 -2.1548534467718987 8
-30.233372348765393 -24.879596448717283 -3.8358613016557896 8
-26.27201566929846 -18.703676946982206 -5.115649162764856 8
-24.491653294853883 -3.766980719953767 -15.196126812568316 8
-30.67973565292153 -25.031513656081454 -2.6334730596665246 8
21.872091708447652 69.53561540883948 139.33221489874614 9
-2.9228370520025315 14.428259599565838 78.78616882982449 9
-14.169800188634245 14.454148525374066 73.77614536483348 9
-7.96528994267595 13.161798382304116 71.44352927963199 9
2.050950533891853 37.77054779911041 129.68388686151218 9
-15.965013394952045 8.381802410700638 51.44334497321498 9
16.339717303339487 60.9681545395906 189.84747857274795 9
16.339717303339487 60.9681545395906 189.84747857274795 9
16.339717303339487 60.9681545395906 189.84747857274795 9
0.9044859372935115 35.187265879639064 107.52327747688388 9
11.573801132386697 54.17378767834458 132.70879804982332 9
-7.800029651901314 9.194573936284126 66.53394973064434 9
-7.4867693464966525 32.38859778295738 100.34667569983245 9
-14.930184421886793 -8.039334798625793 18.254271322845003 9
5.571356583711194 40.93153301379343 88.23526218282457 9
-1.5458418368185338 34.094731541193234 103.94926434339656 9
-13.736930335872305 6.138270374169247 66.88542773459868 9
-8.321292406677658 14.453765734672121 88.24430402373498 9
-5.824237240650753 8.42653685738437 61.88357817382004 9
-10.231740048604973 9.319255016017657 65.2409393254469 9
-10.695926102459541 7.541212800674234 47.92399900218652 9
19.675659626342114 83.79938076302295 171.45497807326308 9
3.5788313532788925 32.72845207572046 97.68288104955495 9
1.9484507046211217 30.99191564077249 116.6521900093979 9
0.8045412318502159 57.52331019430788 163.79543533589907 9
-23.198939924991002 2.4241905301637736 56.36642552315355 9
15.230057428512039 6.071233322087052 58.0720040866083 9
-1.3029597389899426 29.348839111602874 112.16477997640155 9
2.4953829933546707 59.68080550634844 158.95276700957825 9
21.720940027695978 77.08139234865699 196.85164802328345 9
-2.060808677770398 12.74291433290886 80.77704169417237 9
5.65887981197157 83.44519189677465 219.95869389052828 9
19.483799624675505 91.66078237049568 186.97033477031806 9
30.234572078842024 132.6099435739573 296.1552729146757 9
30.666055420776416 98.17510767091666 171.67287172198573 9
4.10935322242743 61.854705856190236 182.0935336368052 9
24.705793256435825 121.13172078266209 262.65776811908523 9
16.05833395504128 51.314334022123674 82.60387839683685 9
-0.8616350445834584 44.29139863756811 139.06119060091788 9
26.878545979350882 117.97339629012026 290.8529411244045 9
14.610736582671683 41.807952270540284 116.00274228302902 9
-6.867910169911026 11.348735926067821 60.29716583118559 9
-0.3170872341610522 44.801272552690975 144.5471793269632 9
32.254675841953485 25.50156419944306 86.68123904242103 9
-0.1687505614242948 31.25187808787167 92.58088812549673 9
-2.8722250861678216 15.44874195460159 83.17557724763846 9
-4.650079812098196 21.454022241169543 83.08612884339416 9
15.203553888501984 94.70938288328395 254.97033424696352 9
-21.221814069603028 7.575776893550233 36.125252902384275 9
-5.438454923520139 9.68109197591879 62.82976583785266 9
-17.171828128844492 -1.8812649174314213 41.681784209692324 9
-15.695242701827917 -3.051971123869142 15.524838459296864 9
4.747419650904763 44.81373074298256 93.06590132110732 9
-15.986127869882157 12.807718626088047 77.97324328119676 9
7.687083423068037 58.37804591047333 163.8474816646421 9
33.3803913291785 85.24591510040624 146.4846686539106 9
24.08828000034218 70.53278089114542 165.81865527538798 9
-10.178868726775727 -8.784785140550122 -4.0870961722075085 9
6.325768411492341 51.450942227112414 133.8478730011843 9
-2.218112040411011 45.221321682201854 132.87318114176279 9
0.42247765770023094 65.83191667918962 183.80491654539836 9
20.466973794055868 78.9123553655983 193.22991228641146 9
-11.950326959231294 14.941364260433467 64.12013458918136 9
-4.748381459667719 44.06634773875266 141.83796375279962 9
-4.017096889377813 38.46097658760998 110.63460094133085 9
1.9049557410270808 37.04093294061729 43.53339507448572 9
11.192404091081094 37.67480719891706 87.6410393723327 9
0.209002075867593 30.57352787670315 85.48312226335693 9
67.0372915572627 204.47952714752788 387.6261769516947 9
-3.0584422184001916 37.29909191458161 111.2690608627529 9
-0.28092998452557083 37.820057688158464 85.32161273196958 9
-7.781765612089807 19.59873785637421 82.99079024979505 9
6.063385718708325 19.88710841053274 54.17551973167187 9
-39.81303610875609 -28.317806126284324 -1.026548205445799 9
-17.927954958336052 -10.987476356842604 32.273437442306246 9
6.624965916571389 46.112358077109505 137.17693127439088 9
-2.322708142607528 22.703912141731756 89.92630426422372 9
-19.343344462478633 -10.931034955506803 9.882497744776506 9
-1.4315287073106182 25.562040096899988 69.98358056137604 9
-8.353018561637224 12.767685527202001 58.23656794629137 9
34.41310760187028 116.6048722802936 211.40292120195875 9
6.558718401708676 16.79311767517015 69.30812499927318 9
17.749038085386566 62.34619780069677 185.2940123428586 9
23.476718921788816 -16.64212205785452 61.005769722585434 9
-0.9601220917700743 17.38268068863939 85.13330587299166 9
-11.430460647289587 8.804172167444534 59.334638775284176 9
22.825162203917515 102.17383150746258 221.1284993281745 9
27.37488900404245 99.9932947410327 230.36959074194348 9
-2.109048752326826 51.72421895357763 165.97214342266213 9
-0.6875569616666439 57.84470456856097 199.35684369400158 9
8.24776394787481 58.98708389013379 171.2491783693069 9
17.75065988735095 75.62261458050904 188.19613458660007 9
2.048400775399891 30.235591432713463 86.74837987938842 9
-8.099088463738552 6.390751068484873 53.807007580310554 9
-20.154735633867293 -0.026963210993725895 48.99341549021633 9
-3.6787980978802857 39.99820333506564 108.48842551575595 9
-6.549016270830961 11.704415098136844 72.78275427005795 9
-8.45936917319632 21.53011515736144 86.37463341700166 9
-9.106683467474795 16.66662942330413 69.40918975937478 9
-5.155442573262787 22.220642429234758 77.36969501589483 9
-11.82699183809342 1.2814586553950864 55.21157603087329 9
7.821581557978124 36.0152617361025 95.21280589154794 9
-17.184113032057503 -10.897461448141225 11.352822318835946 9
-19.046974600993813 2.2375651037033926 15.496086009055563 9
-2.69039430399169 48.11356514406442 134.36604165516977 9
17.943740485645165 37.46077523882263 146.18740292495082 9
-0.4685401001217002 46.41112996873013 151.99617759027205 9
9.760001267164377 47.35733723864795 149.68522789409565 9
-1.600992171535088 39.800600604333184 124.59087374691387 9
-14.425768360568728 7.116040481963925 56.60182874321285 9
3.035380627502546 20.89206145090847 100.2537069651366 9
-40.50635875705961 -30.095505083343404 -4.546517256501172 9
-40.50635875705961 -30.095505083343404 -4.546517256501172 9
-17.050905991649067 -13.579747302112395 4.518807371522964 9
7.904286383069753 6.9520777545057335 62.34963156362822 9
-8.53075468174064 20.24506483184635 81.3194905455603 9
-7.310135537303044 18.72043051237225 53.28095816910867 9
-6.925375534783738 38.25744525271018 120.62338968732796 9
14.059083527599295 63.2470408821799 132.45964395894322 9
9.312415838989619 42.40128990902838 115.57759078129791 9
1.0958093681558676 55.75583719837875 141.7288442212868 9
19.732217526515292 67.89157472720076 105.25500404886273 9
8.023003157706135 60.409949306732706 149.5991688340352 9
-9.70731760299228 4.286035088496849 67.06738202241186 9
20.906515212787497 41.82442573500587 127.71392304093474 9
-4.817956748946815 37.08974257978152 90.13277331889837 9
0.7762648238840519 9.50734620954727 36.1223108197177 9
5.665392557306207 53.357387220572335 153.45465076212665 9
-40.50635875705961 -30.095505083343404 -4.546517256501172 9
-5.924876135923219 26.875560038133003 102.2842955204851 9
-1.2582061284288386 36.8279398493342 123.6984559564453 9
-11.579554048095321 12.411465506812323 66.00091048906427 9
32.9712296539544 29.171564595864723 146.07072767682655 9
-18.85998164005011 -10.754045508439802 17.189380464031245 9
39.94323585880651 -15.367724099208822 64.7072175889352 9
-8.981501413326415 38.99457715716348 127.2248318940288 9
5.257609825935414 18.796572573872897 76.80100815034325 9
21.210901628387084 58.47587281757245 64.2793067934318 9
-0.36815315488830613 2.442876791163406 45.24712190521391 9
22.31342262280789 92.13468630578114 197.40340393941685 9
-17.6379243660532 -1.3675973499103535 -2.6398163062714746 10
-20.875392774055484 4.651517068742908 -3.6682870661830904 10
-0.13850043033311654 27.693841879633492 -6.975384528929572 10
-40.50635875705961 -30.095505083343404 -4.546517256501172 10
-9.311730014875517 -1.4338227697439627 -10.0028319575008 10
-18.306777574184917 -7.928766398899162 -5.057394542940676 10
-2.1584692120241025 27.943433961560686 -19.67962825939879 10
-24.720507428459186 -20.165869660237263 -3.261482025493672 10
-27.310635357309557 -11.092638404996581 3.9457793761744266 10
-24.48033677808222 -14.813597682535981 -0.06257108439839687 10
-23.768821780176403 -10.844872658659156 -11.93924764410415 10
-24.60704833332622 -7.934477011423992 2.586698642088896 10
-26.7082554660637 -14.178475132286701 -2.545550741377248 10
-10.05803825335537 11.0984052942026 -4.96964414853983 10
20.672704026251264 45.401750259404764 -11.394712221038974 10
-19.049622512852267 -3.726238626456075 -10.99816359203221 10
-27.93669771753124 -18.78091003499583 -7.080682115336636 10
-14.457254821289993 -3.7496290599520177 -11.29299825240177 10
-3.9009323947159364 10.754552762215203 -11.491289100058754 10
-11.096263661606327 3.574955989830011 -15.584813102459663 10
-9.041541777084628 8.81276220860262 -2.425815604737675 10
-28.12860912467764 -14.520875241033696 -2.443732503726695 10
-17.555613671945647 -1.2658034895175199 -12.565484189649471 10
-10.575014802539327 -3.268307208444464 -11.733741155753426 10
-19.558394539314566 -0.9914347304591273 -6.896914405097793 10
-17.68426079692416 -5.80371945505446 -3.8314665932032623 10
-7.339546306093998 9.054623944626169 -16.425829467507178 10
-7.905956449671262 8.271447269097608 -16.056140892557977 10
-22.374623211404526 -10.454904006270205 -6.09536200675973 10
-9.187067390171327 -7.535186460396077 -7.159548370260046 10
-19.401620380881667 0.29940786831013533 -9.549665749440326 10
-17.875567351174784 -3.797661761476916 -3.74191266639146 10
-19.25964257716375 -5.7837407023038985 -8.013684709931566 10
-24.653894690824828 -12.043877282108259 -6.275105129802748 10
-22.13151339437388 -7.988607305765234 -9.291679395593835 10
-20.454958900188824 -7.675458115884322 -5.966938708785392 10
-25.917587048887853 -13.109926877054635 -10.76338549610282 10
-12.712596971091829 8.554446783642371 -11.535139073122513 10
-23.541049101710023 -14.054952582304068 -6.308301991369397 10
-17.452486184984384 -6.1897136106299495 -7.341968614946736 10
-20.311207891659937 -3.61818894645755 -4.20590867199836 10
-24.393418383935934 -18.704198340675212 -4.8718855844838425 10
-25.195329627224172 -9.301958373295902 -3.4172204770412637 10
-22.663122266656053 -7.113198757792464 -4.64813342801123 10
-12.813216934005874 -11.59098594349716 -9.52261007028402 10
-24.092827919632715 -15.190900573193549 -1.3883407898508722 10
-24.762388220061354 -13.49047889931185 -3.60816294177682 10
-29.577101880174997 -19.920014937822735 -3.7944962256735426 10
48.68427136243446 0.09497382350758699 -7.144667119332952 10
-26.624566129531562 -11.814527101663604 0.16135603370443086 10
23.751716225075256 52.355421784207955 -29.56857126434707 10
-21.1747346679345 -8.676124208157887 -5.5599195088752795 10
-20.573205011140644 -8.249707701588143 -6.240636929577279 10
-31.855402890553236 -14.168157786710339 -6.062197817344932 10
-22.078031937399572 -12.020454050718758 -5.180422074300573 10
-16.668305736442942 -1.7690027998290345 -11.879526989296686 10
-19.23979121543998 -6.621056957896925 -10.20655089734062 10
-27.07377996779794 -11.904119514877095 -6.950633657221376 10
-23.27832529519148 -11.520072525932203 -7.591103735268972 10
-22.8015623118948 -9.24581746652919 -0.18017495440436004 10
-6.9889393423051445 -1.0727804694098424 -12.027290908891567 10
-29.06597880196187 -12.307062467143354 -1.1804957592672753 10
12.54556978116014 12.203397876984639 -16.604046414858963 10
-13.652384674275687 2.178914601300928 -18.3942973780004 10
-13.457295439910547 6.324678018128231 -13.436735212896194 10
-23.24346304382439 -8.919056927428137 -9.780735424945695 10
-15.486874641164716 4.047738206976097 -19.869087585538228 10
-16.653674234403667 -6.536521276916124 -8.648172516798418 10
-13.712923776872397 4.959453398689747 3.078086512903689 10
-8.426186833334603 -15.723803916254873 9.031343892025028 10
-27.345799409234296 -11.577351450140839 -0.7513284820918908 10
-26.332958677993183 -20.139803432212155 -4.743318090944703 10
-18.756873017758934 -12.767808637084254 -5.193693849242876 10
-25.570085899960976 -5.110169855053806 -8.847484106495646 10
-12.802988666392066 15.514907910949685 -4.794091217239467 10
1.12799133567772 5.1055712381030345 -10.305124843294141 10
-14.2157923320771 9.446424012943483 -5.477519384803024 10
-21.86300558612073 -5.9706923634812314 -9.57935883507858 10
-9.430592346072896 4.705451524278822 -13.211015803010014 10
-9.728482853837257 4.248704764408452 -5.13133334859576 10
-2.344437524016265 16.726646392686366 -16.533228727035556 10
-16.75062192408111 3.5438566654512895 -4.595141660603736 10
-19.02250937846811 -4.137317213148192 -3.7872328953643652 10
-25.113229895283336 -16.678597587093016 -7.924248493695809 10
-23.580309381349203 -8.574915132623664 -1.676211495123228 10
-1.9780326115247302 15.824344684388453 -18.560390199361414 10
-16.205085008898564 -0.4939499024886742 -5.589342713939146 10
-17.215320564176746 -10.259538124640116 -5.521629169393593 10
-24.242414263194412 -12.497505415448643 -4.682959507259523 10
-10.831667339546641 -15.691543364602527 -11.368415622982926 10
-17.195276550228456 0.36371406169679643 -9.804859283619628 10
-28.781438876952883 -19.16552914519896 -7.3872597378645555 10
-20.34100593278071 -4.522346494493627 2.374793530284734 10
-10.589403226663507 5.3887496491052405 -6.447319860352161 10
-15.701376031868474 -0.03955078520647404 -3.8921719381925275 10
-26.704955873714432 -11.75947839334245 -10.14970275231742 10
-17.165347619065184 -6.991185764573787 -9.258980479521133 10
15.044737957807317 42.69608387875653 -21.19139213445107 10
-20.756420795991033 -7.430291427852724 -2.2640850471706955 10
-40.50635875705961 -30.095505083343404 -4.546517256501172 10
-27.54468370416198 -17.69668866940129 -4.260588274049567 10
-25.966742275852063 -10.775542814476188 -4.356141006009193 10
-17.356374197789478 -11.921500441450856 -8.778825588488306 10
-5.846028856121851 13.015894604006606 -4.285667169920501 10
-10.227920715555852 12.380068174364942 -22.941025279595138 10
-32.880875928586605 -17.97581765005201 -2.613875178187792 10
-20.408518572457023 -1.2846936400412383 -6.89370315582903 10
-24.396303031384363 -5.7987145103883435 -7.718402950094361 10
-28.30276897627068 -16.13794534492289 -5.208347199794032 10
-6.824946151858043 6.505872943760026 -16.307276729841195 10
-6.294264554276214 6.601130646562815 -10.793025976576974 10
-22.94456264080678 -3.7212362267107517 -3.363107017467031 10
-19.94934530383704 -11.610420609535229 -7.129736244069254 10
-27.05136110747582 -6.600181102053078 -3.5962986825763217 10
-24.43352337651239 -7.943118504532557 -3.660669070624306 10
-31.785676170482084 -14.355289242428803 -1.7859999963592577 10
20.457650998816653 47.25599308748608 -27.171593672325738 10
6.819161494020441 28.093473144010016 -23.50806280230896 10
6.819161494020441 28.093473144010016 -23.50806280230896 10
6.819161494020441 28.093473144010016 -23.50806280230896 10
6.819161494020441 28.093473144010016 -23.50806280230896 10
6.819161494020441 28.093473144010016 -23.50806280230896 10
6.819161494020441 28.093473144010016 -23.50806280230896 10
6.819161494020441 28.093473144010016 -23.50806280230896 10
-5.918651511226956 6.627736349411217 -5.528811555464367 10
-17.101410416439894 -2.6305944542763244 -8.83283574767055 10
-26.40883507660155 -10.338596709716565 -6.813302741069198 10
-27.38256161687666 -16.54924364646199 -4.542956356971766 10
-29.14322143883371 -9.570659427940537 -10.68734062078037 10
-6.4845948992162 14.039524475912412 -4.687228496093404 10
-11.384991319912746 6.4182054498452485 -6.834472505399791 10
-21.112580013719203 -12.963884053680225 -4.768044345397556 10
-18.00518368003685 -2.614661812477608 -7.136139670734094 10
-11.661025283653363 6.893002490574797 -12.025799478825286 10
-2.0728260075001588 20.506761900759795 -10.304622432663841 10
-22.374154587524167 -6.592046543075787 -3.4735395862982967 10
-19.905228172578767 -10.391673073063735 -7.211809044225369 10
-19.74583461630241 0.19936958702210195 -3.5200691641176483 10
-9.087216545009937 10.8081628284875 -12.590668032128773 10
-20.64930888675535 -8.706960398382137 0.1658171892036897 10
-26.200434376433694 -12.116324843213167 -0.6958120776085623 10
-6.948676227532312 8.237767109592369 -13.927794545499276 10
-15.97351484539147 -8.831277064779222 -10.603071893472224 10
-40.50635875705961 -30.095505083343404 -4.546517256501172 10
-40.50635875705961 -30.095505083343404 -4.546517256501172 10
-31.717312216057653 -16.542759799153057 -2.4312847709045133 10
-15.730359969343144 0.8495481709232902 -9.04955610434415 10
-24.950706997411658 -5.964443817683188 -2.548984656237499 10
-14.22717721481515 -2.5433837714019267 -5.996188381306961 10
-40.50635875705961 -30.095505083343404 -4.546517256501172 10
-24.218849878337238 -8.209310165996767 -7.318281574376638 10
-22.11693157252553 -2.625741632133086 -5.846223306789994 10
-23.06404369496715 -17.933305013775573 -2.7756922329890887 10
-26.76233101475643 -14.85664710834944 1.2484770102095792 10
-23.076353686302888 -15.636204919883973 -5.952874985933743 10
-26.148241572031907 -4.928390246920771 10.38012667424682 10
-28.778174799717398 -11.614842540868805 1.790688923338558 10
-27.68370795694895 -15.5814413781161 -1.4552629695384391 10
-31.17235991371924 -16.817300643652626 -5.822824405708577 10
-36.05229558131006 -25.454175207724298 -3.940391133832847 10
-24.860931132117962 -13.482113482570245 -3.519855462745433 10
-13.718305714855454 2.2585934276221593 -12.47190597820783 10
-17.816411658034436 -9.516826131949326 -2.581485658006976 10
-26.747046158059003 -6.865265281020642 -5.0108813269102805 10
-15.128197756231671 -0.2980630914534883 -7.191112642485501 10
-25.112487763002918 -7.801377270289317 -1.2635210221784785 10
-21.24135001496398 -6.058166786718715 -2.1668144318107627 10
-20.760020076487844 -7.365825248736617 -6.430933676662413 10
0.7491991741058306 26.71107599229698 -15.518522783004984 10
-10.29774339608147 12.905405887214478 -16.82838600594237 10
-26.52295074975376 -10.471737945982717 -4.386437723558794 10
-15.873569139567888 0.10171373887194446 0.8975305079975922 10
-3.611121433858341 21.334117875347083 -11.376425157867065 10
-20.313104876129756 -3.2576558849312898 -2.709582780192867 10
-29.012415151228772 -18.255785026319018 -1.9082786247576404 10
-28.252066103999486 -12.243069349282779 -1.4375454561465375 10
-32.04170914118876 -16.50312796705531 -6.658826008787561 10
-23.670846388792317 -9.881065457811665 -7.803059383592315 10
-25.493832663778687 -13.186954570044726 -1.4827110283055216 10
-20.830823281156007 -11.734668026108201 -9.776061600279178 10
-24.895835055246682 -7.537306282104607 -6.523533918359446 10
-13.469425842564705 6.439203298522914 -12.606768609815177 10
3.5020749387411385 20.157775817893427 -22.583867242969827 10
-17.13658878910357 -2.919893014715638 -0.31079066154339774 10
-19.387030709825517 -11.79703214943834 -10.638019027622802 10
-23.48172562538282 -12.87921505442658 -11.897459277503653 10
-29.576316197007277 -18.764965823224273 -8.130086178611794 10
-11.02255391263979 -6.5496057867166595 -8.306247225336072 10
-19.05866073079047 -2.9177042408473883 -7.596645468734703 10
2.2376310082301516 27.333351855229555 -19.724642964299 10
-19.303526769465066 -11.615429983061485 -0.09646825764096256 10
-30.83494603577894 -16.02361740801256 -0.4252898932258127 10
-15.959430924643637 -1.1863709189006708 -5.44367018028327 10
-17.718258683059794 1.070161888520368 -11.174969952126801 10
-18.769221585425665 7.343843745713645 -3.042776642122343 10
-2.6970419483636143 14.34777810905615 -19.85331141118687 10
-16.918775021880755 -1.7796670138365416 -11.021280082183692 10
24.530409700189193 50.55842966024227 81.4408316432278 10
-15.737826066973966 3.4156571351607963 -13.469880251965575 10
59.813761265630625 93.46652630010622 -56.95641644679632 10
-12.661105940383141 1.480533404390349 -10.168435036548066 10
-14.033839805375255 9.793916767174434 -15.261223088162325 10
-25.062976242894877 -15.712153704429223 -2.6512321596663853 10
-15.992125379613823 -4.147082208259468 -3.9242279845788617 10
-13.323392485406277 9.904840671824356 -16.109868106912515 10
-26.21228357297495 -8.537993410985992 -2.8339432684456485 10
-16.437909623071832 -5.38916954042455 -9.735983968215878 10
-25.867211687350395 -9.249396980470564 2.812357525207056 10
-13.496291576749833 0.21777919149500402 -12.396347981143855 10
-14.575227614377553 3.45183976367836 -5.996638959047457 10
22.413732905093088 59.63341514022342 -27.400436418709397 10
-30.000933840694344 -2.4118818448710098 -12.536283015926193 10
-14.783836789025093 -0.310795386467448 -11.336742666003829 10
-14.36834649095354 -0.8461200832534077 -9.139548088443652 10
-15.359798156689891 1.0866715494893135 -2.139318699609807 10
-1.3798459135726007 22.186985796678556 -20.783496256902488 10
-18.67711414203398 7.006958405626104 2.20230176509918 10
-28.399583115704118 -16.65584271774974 -11.777622630247613 10
-20.312208193968544 -4.823909303483311 -10.421159277183513 10
-16.38594474357827 -3.0065552738059758 -10.81624355457245 10
-19.75039016133214 -8.380220505490348 -10.385063749399983 10
-16.32247131049742 9.045659839317382 -12.00287425398196 10
-14.760126114108381 3.0684047751514156 -3.428945378170079 10
14.467734866518466 39.003619677614225 -27.58388792001533 10
-27.684089060346835 -14.818786119942011 -4.942321909576371 10
-20.846659966560864 -2.9691939663576434 -4.155620706779393 10
-21.704677402740934 -7.142393199292915 -4.500257960704548 10
-5.690639683830453 9.149968553614055 -16.15789688915263 10
-6.612481861623817 2.4607443408319694 -0.055050948966647084 10
-14.08122515109197 -2.4960086812045548 -7.6480765334733345 10
-21.776199581155332 -10.746680072200018 -6.862587604028621 10
-16.15470862136774 -3.8099064285010042 -7.885554495401738 10
-17.683957426262563 -5.842414103322483 -8.599158322291995 10
-10.070739039277807 7.312260318300936 -15.235035805756281 10
-18.34437780940392 -6.8757994407018765 -1.60485815992367 10
-26.816313943902113 -15.129856831168718 -7.623321855064513 10
-19.96548234839434 -4.213445574631299 -3.4667861317183455 10
-14.599292693141932 2.551442169688783 -5.152605575391984 10
-15.012457530117528 -8.77350280151899 -10.154929271156448 10
-16.66382292088547 -8.16314189376508 -7.123020247983144 10
-15.291974647291063 1.2129112708574201 -10.801754686720901 10
-23.869809801647385 -10.477888891960617 1.3939586429356678 10
-21.56972635173241 -4.5972296086617925 -2.8198781788776346 10
-15.428336261959375 -0.9483205101422083 -6.763953569709422 10
-24.268578209932997 -12.10241200150671 2.0269957055901315 10
-17.239068526564786 -5.123135065449478 -7.878330633530293 10
-17.28230712840216 -5.2783331333658765 -7.925085434520411 10
-24.682312881456305 -18.211153766471963 -5.883945852908129 10
-26.379113325740896 -6.325450135148808 -4.6771557604536245 10
-8.0982877024502 2.2302177067457567 -13.76637357372899 10
-22.558458745472535 -7.811688965461493 0.013535882896217544 10
-21.68879522536263 -8.618084141066149 -6.7910351884426845 10
-23.34331412906657 -4.798171233657504 -2.3323940576853017 10
3.1620428732957073 21.84878978396873 -20.819439987066644 10
-27.42321127485427 -15.837991659228479 -1.5396233867704368 10
-27.698946849029806 -16.850172898336787 -6.511332679895723 10
-25.689050495113797 -12.466160610436203 -1.7259246505666734 10
-21.18045028614971 -10.172028787193245 -7.618258631920572 10
-15.482392719879721 3.6181694951929084 -10.68150892570714 10
-4.565244258042379 21.79958763873656 -12.111125237378417 10
-28.868491171631284 -15.355304167928225 -5.949127131400461 10
-22.68355427565302 -12.372205419184663 -3.516741672665301 10
-23.309782332296184 -11.069932291730645 -4.800963845969169 10
-6.96693765935258 16.838127262475577 -17.078398006824344 10
-16.77393115738563 -2.563454319097872 -7.1254488800406905 10
-7.861715533271624 -1.8401100643066126 -8.819053044960855 10
-17.219246021958668 -7.2700532261882955 -11.659003947434774 10
-23.262594628079974 -7.4189150316901324 -5.686584317571171 10
-22.15842274498045 -10.975644294312135 -1.4869306974639063 10
-25.42171145789828 -21.084703243765702 -1.903018377848758 10
-29.134076829396843 -12.473484085577542 -5.97336290826685 10
-20.87856385763378 -15.71756700026134 -3.095178223555849 10
-25.453947118014064 -15.140283762867233 -5.980154362834476 10
-19.20226065935252 3.525880539469666 -15.843255522729008 10
-15.888495547528741 2.4202388890516797 0.5253777410479561 10
-31.650824288750005 -23.176260917039055 -6.292161099928199 10
-12.317187588422318 5.2868329514589 -9.581081490081116 10
26.443121898966144 51.23990462549206 -20.605742553685452 10
-8.702055610153412 9.432415232028847 -7.058795610966677 10
-16.446069702927424 8.938346125505765 -10.068148136613763 10
-23.77923088813886 -9.551496198228106 -7.774503253449883 10
-22.17905350211997 -13.080728639995343 -6.792478060386411 10
-19.640048605943512 -9.972492064788348 -15.250647458936305 10
-18.122225416692974 -11.200355348897206 -7.9306520354148695 10
-19.155144321420583 -0.023411570790766945 -7.157469397808146 10
-17.70286916329386 -13.054180056824789 -8.269545920411037 10
-28.489470065729364 -10.446113654062678 -2.5546650001143174 10
-16.9768479186938 -7.671779335648141 -10.677581313526723 10
-16.611992103677782 -6.463635215192191 -6.945518078036817 10
-17.8323069891806 3.170461620674311 -0.49853093741765253 10
-24.74435874939534 -17.280932035431476 -8.11963063743042 10
-1.1053328056538962 23.09642702838765 35.54710281683269 10
-26.619851580652874 -14.254651648722728 -5.62548647215295 10
-15.128986850573607 3.7276718051805173 -13.892135796321504 10
-16.743926159327742 2.8423093411293183 -6.323086691932709 10
-5.837831571008172 10.951997349403172 -10.904033434287737 10
-22.357316682624436 -13.486065296729548 -4.2041517230351655 10
-28.936643988693888 -11.530434710712651 1.505593317807672 10
-20.07602060880127 -4.317293423735209 -5.80764558727911 10
-20.22805263093567 -11.920236544964748 -6.11458597213147 10
-10.074272809360487 2.6900221535305313 -14.156793208136868 10
-1.2098106174117689 11.85298266951331 -12.272153307047198 10
-16.737280786822996 -1.5951428032694535 0.5035406528744186 10
6.9420568291045095 29.07717555373608 -14.519973169082721 10
-11.941420349587979 10.784978737979523 0.8914988120080913 10
-15.61067768850544 3.417000069120705 -7.46959409825823 10
-20.10331461773649 -8.80773726650566 -11.355750269318573 10
-23.993070830477148 -10.294274132579078 -6.339843385511983 10
-28.733395196683496 -16.960692177465695 -10.123004876113775 10
-18.954475274549473 0.9611378547963831 -10.607635865797302 10
-12.334932148337 -3.8835184418841746 -1.3129458835241694 10
-10.611193395054382 2.1555291635655527 -10.399364916567738 10
-8.863588625157279 11.898004942747967 -17.18013527140031 10
-7.114034887989099 13.521629730352636 -13.758244507274556 10
-2.135743171112782 18.667952491038754 -15.213367578068286 10
-21.065988713061913 -6.048118768884069 -5.709370113746596 10
-16.581367367717636 -5.55676260914078 2.605283011738025 10
-13.384297052784197 1.160458000066275 -5.793142875051588 10
-25.316166912553843 -14.032845942189487 -4.56172253861663 10
-16.471234098468738 3.7900146235027448 -1.161614589205394 10
-14.42159343624031 -3.450853941925485 -4.418373465362112 10
-23.531820064162996 -5.724359251875319 -6.159942716871801 10
-22.994320837036756 -10.043784203068443 -5.188283881474227 10
-13.565270360397456 0.9221015747985208 -7.641557042266007 10
-19.763418069365795 -11.274391298040118 -7.915098504931365 10
-30.747012250273087 -19.871558961812745 -6.719845437044713 10
-18.767673929360296 2.5311605764664757 -3.6064522611326186 10
-22.442787295020747 0.7740570381935961 -11.64053049531034 10
-19.648717242693348 -5.144610140355932 -4.923141826597618 10
-19.486339241416058 -6.07131044958258 -3.198945922706555 10
-18.817332989455636 -5.96429220391883 -11.53960347172839 10
-11.92233188496834 6.336265004044507 -14.879094669567689 10
-24.681772306582666 -11.669337973025666 -3.073880638870439 10
-20.071370263695997 -9.438983561952604 -5.170035999071505 10
-5.587335566856998 14.779269586649642 -2.5714935327824886 10
-19.99584375929931 -8.888180944053747 0.9517560298025733 10
-22.051125732690487 11.222856364350655 -25.315663776376674 10
-17.360381592369496 11.711106789940573 1.9231154149822012 10
18.86430208908778 51.26487282597302 -36.23941496259849 10
-19.072198168644984 -1.6461277927762523 1.3874785760404427 10
-1.580382355214251 4.040334347548274 -0.3325231233270862 10
-15.46343132092795 -1.661119932551157 -2.0391689223539182 10
-12.155183123059572 -18.13619880458586 -7.733649933718364 10
-22.04714133949609 -9.517593938163909 -0.08390816717791516 10
-24.971871069844514 -8.441109407972714 2.026520328868486 10
-20.171762458998774 -7.163897534034352 -14.075733898041936 10
-24.44296052338222 -15.061347747315722 -6.831994888462578 10
3.0847609495864527 23.51095239746189 -26.248134668308133 10
-4.539352877181454 4.552756670323387 -14.477544045456803 10
-25.06012587300927 -17.020356750677408 -5.8473286453366065 10
-24.228273893352785 -11.778131407425544 -1.6810690543995817 10
-20.96441182685523 -2.6911004417465074 1.4645030910118946 10
-28.790745715555836 -18.16478759836484 -4.2576234957599315 10
-15.501178873698773 -2.913864015071784 -10.904831253662024 10
-15.47920097613121 1.8663241611890637 -0.9729515483976146 10
-13.787312109466525 -1.4587518366297525 -8.981041422298507 10
-12.298451065787651 3.0505275964834517 -8.84629250207636 10
-18.51512543449888 -0.2413070760421192 -3.759494099461042 10
1.0685526129098153 22.006713832252277 -17.440361103245912 10
-13.182053302771418 -3.045498161437912 -16.173373089759092 10
-24.101530671709657 -11.55013440562333 -7.6093167994119755 10
-24.592342419324176 -9.10407255497809 -11.573953910073042 10
-11.52117297956219 5.189144149241086 -6.058876134772451 10
-25.724541645712353 -17.464450886473323 -5.632455194873082 10
-20.214481273821004 -0.23492687811999557 -5.863958962881549 10
-9.274100635164693 8.356024979887152 -10.172379794528247 10
-27.341025872151075 -13.100227463223654 -0.6304743988728525 10
-21.6817658800787 -1.6284329813589946 -10.854087865264834 10
-7.295743039891004 -6.465745661006942 -8.289171414354431 10
-31.411287162980905 -14.023311210642472 -2.51545038723511 10
-22.31599221595954 -6.29334837670758 4.461598613731712 10
-19.168534798071768 -4.75431798716502 -3.4186323097435825 10
-28.52426959726874 -13.094184839245658 -0.1939094274446056 10
-8.824364745914625 11.12689013269129 -11.051939806297137 10
-21.492818767666762 -7.11145998664596 -0.40401472203186284 10
0.23826390551770293 18.89318608439093 -20.631344648288657 10
-28.565893328737193 -18.01934865102346 -3.4369021339940025 10
-18.33961233733024 -9.561109955314754 -7.851817452479956 10
-23.248854836012086 -9.84812423460765 -1.9997215986465715 10
-11.13115813546354 -1.8158986128537966 -11.139337610616261 10
-25.466992188655986 -19.477955231750954 -2.0514611406827488 11
-40.50635875705961 -30.095505083343404 -4.546517256501172 11
-25.869537026824844 -17.40734921758181 4.538663891604827 11
-24.53192959048692 -14.764943780310453 -9.37327140903975 11
15.669929030826466 35.796023483934675 -25.32475877967942 11
-27.69371847442061 -17.26247198403947 -4.505628121174778 11
-15.247652071914098 -2.34687352214835 -13.26749430417474 11
-31.051587196976055 -21.38441705120442 -4.900708545061443 11
-20.956089204445227 -13.871052156486511 -5.840623856984646 11
-27.391571026228245 -13.739567075092358 -7.011142576454208 11
-22.068428842501255 -14.113061874027615 -8.51035822177305 11
-28.292712426518108 -21.97221193597588 -4.259896787463621 11
-25.72806833550694 -18.542072726039287 -5.397218362440293 11
-23.8982453194428 -13.270149371621994 -9.652958652754178 11
-23.236463789157426 -16.909949338902003 -3.2146021216988974 11
-18.639080616650702 -5.038935373257367 -9.617954397410502 11
-27.311813614356243 -11.044454288220557 4.561292119679235 11
-25.80721544884059 -19.2416059568873 -2.7440163973024365 11
-29.45849967830282 -18.30219256455274 -5.302523435578035 11
-29.45565852497658 -18.960389164918844 -6.007391538080515 11
-28.609835654253356 -22.81975222137949 -5.112887151808957 11
-29.320107644384834 -19.927847461567154 -8.181303077756525 11
-27.187175406556793 -14.452282405499608 4.396979542301309 11
-28.294212913660388 -19.75480179459175 -3.9308186266466407 11
-23.672904780427157 -14.16904917639166 -8.393987435856653 11
-22.89712001099 -13.511567048107882 -10.532161117413459 11
-22.868667383996467 -9.832984466737493 -9.80644402082052 11
-20.41206169803325 -11.223736521627345 -2.682770495955256 11
-23.699127256316903 -15.961455132116306 -1.950958692208669 11
-16.02831951104574 -8.009494587163525 -8.242932791410794 11
-26.185838906064486 -16.15405836117586 -5.982474764332874 11
-25.319317127514193 -17.570924310866626 -8.396325976205224 11
-27.347989998051613 -18.321965964401457 -5.147535125684932 11
-12.15592147480991 -8.903563437245896 -8.855875170851972 11
-28.337449424395686 -16.26907321525484 -5.08180998254999 11
-25.02408706188408 -19.79135236808594 -7.239701385427787 11
-1.9205766917223641 12.493652738907084 -18.78456509424175 11
-26.671947113210074 -16.773315670522422 -4.8797818701323115 11
-22.499142554758787 -13.965338515138868 -5.929227606554955 11
-14.556889341064132 -6.645674261374891 -3.9953276957288706 11
-23.716283492972046 -12.533685644777108 -9.337186740333479 11
-20.46883752304772 -11.542176626688665 -6.822054974109012 11
-21.584543664227752 -14.818956621056152 -6.461607927496315 11
-26.36453178726636 -15.964871452595801 -4.229114285095381 11
-27.966049369783107 -17.733849630389376 -4.734895477657373 11
-26.222274203720925 -17.77633694613921 -7.048994679285985 11
-17.980670450042282 -5.262607684975535 -11.492816489145577 11
-23.93542670969557 -15.61629693730934 -7.627162137475098 11
-21.205573416621945 -11.130499043660862 -5.962306858629971 11
-24.25130914325301 -12.761230085722154 -8.810654658527447 11
-24.28364253125423 -15.933051886606416 -8.292748041061724 11
-27.71719556484083 -18.66277289334591 -9.15901559124142 11
-20.97771451019754 -7.42719424343493 -10.890053126313958 11
-26.840155502849917 -19.27140933066829 2.0741193926262147 11
-22.8620120066374 -17.83730472450769 -7.995607941391316 11
-24.706329457374803 -15.18580061603285 -7.2483431644999765 11
-18.02075903542324 -9.209004110847136 -7.124242595423517 11
-27.853660998096608 -18.279181882545984 -4.564132413766751 11
-12.365893341518523 0.3719032130128399 -16.63598489658217 11
-28.33258603836179 -21.631147391481786 -5.819239787830208 11
-28.758909495163188 -19.785393086789092 -5.205317453309526 11
-20.961444947073165 -12.402105926168367 -7.370399580304912 11
-24.57171990269582 -15.46119173259753 -6.925299390390912 11
-31.260818128440654 -23.80131095761529 -4.330916222141127 11
-21.912637384202455 -10.77898904491754 -6.087081229014927 11
-17.61413818365211 -7.279556277443336 -10.681760072974557 11
-24.795556036764303 -17.263160471830354 -6.934940978781622 11
-27.448889185837473 -18.205657003709298 -4.7368624789885825 11
-16.702320622432477 -7.3747547827505855 -8.466989873698456 11
-29.374914393777242 -20.203403681773644 -4.314103320694475 11
-25.033593327713003 -15.868879646022577 -7.111914171909082 11
-22.337433633294065 -13.185075624660596 -4.919075470766339 11
-20.547138551696968 -8.622988013802853 -9.769430612106056 11
-28.482226074466517 -19.112182593302453 -4.705804185726688 11
-14.33810217510355 -3.3319573086430383 -10.31667563968298 11
-20.095436538338483 -9.522736358283616 -7.448689904683858 11
-27.76379765550909 -16.07354558198027 -8.197563099942116 11
-25.752845716394738 -18.07097084066897 1.8157276364158736 11
-25.236450992972664 -17.95666775136127 1.7698474016718286 11
-27.57273854728404 -17.407312245138357 -4.642105230713835 11
-27.2358924014812 -18.507872467083423 -6.206396415224247 11
-26.16157147322072 -18.690269988962854 -6.649778938589729 11
-28.560914268801344 -18.083666976701164 -8.408329932748448 11
-29.868934102725277 -19.633160360784654 -6.529799972902367 11
-26.42235217465188 -19.297369857137497 -4.884537206893505 11
-29.449023370897816 -21.723569893718928 -2.931631279155141 11
-18.01122375816437 -13.17794543043313 -9.206841813288897 11
-24.62343863199288 -15.17218829784823 -12.938489471310968 11
-23.299063192460977 -12.778457733374943 -9.79913629112122 11
-29.787462361968203 -20.408458545208532 -4.659348110341053 11
-17.545948945702698 -5.0023512709166384 -5.309326091622815 11
-21.844283788848113 -12.428853898547015 -7.817604481252937 11
-24.2516560351618 -12.714107800001852 -7.023912471689826 11
-26.54903416558032 -18.022279495038912 -5.082955668531087 11
-29.698823752418036 -20.606673926817148 -4.327319402727738 11
-27.834806802613926 -22.4399632758699 -5.446307610659913 11
-22.872662066897703 -12.43790510077016 -7.3284503156171805 11
-23.09974495260381 -13.332109549140599 -8.775808215829398 11
-21.19964188773117 -11.156691699917683 -5.514362235297812 11
-25.180245741962015 -15.081748811774546 -5.908712167813482 11
-30.19619654019434 -22.477373669009314 -7.667729902082861 11
-32.16823718368636 -22.04432619431589 -8.063020722580394 11
-20.739081793133014 -11.116642429481123 -9.5413891297084 11
-27.432015148680414 -18.17127573378329 -5.411668848722744 11
-13.69403207410068 -3.7263271595199856 -11.972121837318976 11
-22.39370036383238 -7.016826604557823 -12.053366320817 11
-31.733728674850656 -23.695483525134282 -3.5695896042278985 11
-28.445983000415886 -20.032807046605225 -6.126812212565708 11
-22.13872656787948 -20.062255058821066 -2.9939261135955935 11
-26.54785112260418 -16.95366136795831 -5.074917935008138 11
-23.47872521580271 -16.044265446753055 -6.543098439867363 11
-13.091689410200136 -0.2738582879772711 -17.63743988187288 11
-9.017116042141472 1.1171620981498513 -13.36075798792674 11
-29.56884554620815 -20.137866785533284 -4.402543403398429 11
-21.27619181383377 -10.641709970170748 -9.580303029097628 11
-31.87902275031184 -16.989348883579773 -13.178974802239098 11
-18.418335539550654 -6.842078246805024 22.210017042818407 11
-25.18707600988292 -17.907458734584218 -3.886231833908816 11
-24.263248048306462 -15.81912327822987 -6.815664141933317 11
-24.912801476522976 -17.955754237363923 -5.324052952932393 11
-24.912801476522976 -17.955754237363923 -5.324052952932393 11
-24.912801476522976 -17.955754237363923 -5.324052952932393 11
-24.912801476522976 -17.955754237363923 -5.324052952932393 11
-24.71054982382092 -18.06369732667315 -0.4429337107473401 11
-34.843342980741205 -27.151273009596427 -5.048239978189473 11
-22.596148004128843 -8.726888620616613 -8.706582021082063 11
-19.10651847899608 -12.183710168097495 -6.049708545057865 11
-19.039171423573976 -2.2728355227559316 -19.426713659595972 11
-26.671393655652256 -18.970727410049633 -6.227343362574791 11
-28.73417578926538 -20.61807303240716 -4.223699171037037 11
-18.462616680597982 -9.471013192787673 -7.85169144421023 11
-33.01384552644499 -24.53978745295354 -7.667722476694198 11
-11.497687578222765 22.889716279990953 88.37930135521665 11
-14.239231239936199 4.243534515309763 49.35943224310215 11
-17.16099802220742 -9.43403375851956 -8.055087388833995 11
-29.274212235407447 -18.812047401611597 -4.851193736804879 11
-33.023132195573176 -25.10459003906894 -5.144653691445722 11
-30.288263651111336 -20.438421509032878 -5.748868105552113 11
-22.175090168772826 -14.392477603709258 -6.958595734203199 11
-30.825451900979118 -21.9519856297333 -4.158054285000999 11
-29.80357494224063 -23.58021536362182 -4.666791511928574 11
-22.572447833938124 -13.762030080547026 -5.746629015412302 11
-30.12609850424746 -19.369238463081054 -6.642770491341782 11
2.4580800445748334 14.952856986765998 -11.53358649691092 11
-20.2380292430829 -10.183035309160406 -10.557015559024089 11
-22.929938939187643 -13.544450653572493 -11.250409444181905 11
-20.933839342688564 -10.082460600582419 -7.339810300183598 11
-27.979189908600993 -20.241169908832667 -4.5129465764182495 11
-22.007622413568996 -11.537542993999043 -10.284781268479271 11
-28.356926765442886 -16.517623093587115 -11.329811223725969 11
-24.99976676160604 -16.05205600524879 -5.576418249803133 11
-25.235608340458025 -20.590900533727435 -6.058833145547056 11
-28.546762284218634 -21.22049488981566 -5.238471136077928 11
-28.136571029675714 -19.997742211533506 -6.552132152050938 11
-22.32667208884265 -13.380497140681761 -6.112181715742624 11
-24.766175328032492 -19.69635270441435 -5.927949052216762 11
-31.604329519394604 -22.357596986548174 -5.779685438176234 11
-23.132619070673595 -17.926576591725517 0.6909636711579115 11
-15.622041776532482 -3.492465373678087 -11.084571644962521 11
-29.308864425961517 -19.902344158965466 -5.941043431069566 11
-29.20126710826447 -21.13192881385804 -5.3560847201695925 11
-9.463586865035946 5.673386779847402 -13.573007417717182 11
-27.743555904411625 -22.171079930784558 -3.93323169856027 11
-28.233410382951064 -20.817365609711075 -5.253997801470922 11
-21.777243603620786 -11.228941668744866 -8.919344112995253 11
-17.914006333945967 -7.542763178929395 -9.264626791961259 11
-28.55857876298852 -19.8998900672953 -6.665374049925866 11
-28.5454165575539 -18.399665656547995 -7.093833054081269 11
-23.140959265970313 -14.184784611792988 -7.170159474627308 11
-21.10202748195976 -12.612019273238271 -8.276072115352555 11
-21.762938830132 -15.495628875220074 -8.155949745413727 11
-28.533729334268248 -17.75165323639534 -10.655339788135233 11
-26.843617237018503 -25.139436309719184 -4.443908066798244 11
-28.25624882400462 -21.361088057208377 -4.032455249600115 11
-28.88370630545349 -20.996968701648726 -5.348960547701676 11
-17.142052951096243 -10.72032416127817 -6.3792693568617 11
-23.34991999514059 -14.970269494994216 -8.384042077442238 11
-23.133019113943682 -11.709297676152929 1.6021100726682054 11
-23.154442369855186 -11.638152542712607 1.4705625993544569 11
-21.797464000343762 -12.26931613228722 -7.227006796722226 11
-27.488077431991275 -18.94346192637298 -6.323327941013009 11
-20.048672943589246 -10.149709126103922 -11.13626048880274 11
-30.2868843055208 -20.760207491185227 -3.075693634097144 11
-27.794312973572996 -19.2823486078442 -6.884484765961973 11
-25.621936669112372 -17.89973955604941 -3.6792988163714213 11
-22.13275887872796 -15.685810255894156 -5.272661478380256 11
-13.080067490513791 0.4180742885679356 -12.064067535720403 11
-20.054136155997178 -13.363463008833834 -8.916566734647585 11
-27.396691087821328 -15.870564250363678 -0.26370866753534905 11
-40.50635875705961 -30.095505083343404 -4.546517256501172 11
-22.24154160713624 -13.783596793697473 -7.7275484129899485 11
-31.063774960534477 -23.53244441250242 -2.4671177186436193 11
-27.004624202527427 -17.479223981834693 -7.128609069069087 11
-27.440783867216254 -17.84924864704455 -5.940391933871123 11
-24.984503718129574 -15.906379524599096 -7.421465432381927 11
-21.0352792535396 -15.049652012562657 -6.6974145756742685 11
-30.86328157955626 -22.620603745680718 -4.263334395454539 11
-27.423501209341108 -18.58070454284598 -2.6140878566150683 11
-13.160722302949292 -0.4451902836866415 -12.744266861361169 11
-14.683331295609744 -0.6476623326340833 -13.558184300685808 11
-13.597009888428754 -1.6110597986131063 -12.381401662332486 11
-20.617236347374973 -11.684053171448578 -6.0137834371050065 11
-6.990594713943799 9.395101910758274 -16.177143934098176 11
-22.419587611027488 -13.608168464040414 -5.447265659437303 11
-21.537676114550546 -12.359784529622903 -0.31995425097609065 11
-16.405685844796928 -6.027988830227207 -11.627201223443581 11
-21.419144504304636 -10.2496954155633 -8.137319059468844 11
-20.080410733833382 -7.561474875366315 -10.695264416692792 11
-28.16350510366537 -18.876584253342262 -7.31597214624564 11
-19.07603005499735 -9.877982324090741 -7.073782197186909 11
-19.07603005499735 -9.877982324090741 -7.073782197186909 11
-30.15418077780647 -21.174791860999882 -4.313832885156524 11
-31.80981754602381 -24.172930388266426 -3.547835050118799 11
-30.162009147401736 -20.721433408161605 -5.067338038725801 11
-9.610893467593517 -2.354223296067404 -11.769593405450177 11
-20.483098772511973 -9.56062447179836 -8.140590892426513 11
-21.03408146720811 -9.072195051695296 -7.474787929523108 11
-20.96500199670056 -13.571986497516974 -11.544927100312076 11
-19.555200014018233 -11.20550285773546 -7.204085236652862 11
-22.100188103853252 -9.700586732197035 7.358129314059559 11
-32.57993585380782 -21.10786654838994 -10.042065137430125 11
-26.837037890310526 -17.87262781079433 -2.0683264135529242 11
-27.381331651475275 -19.26400473366827 -6.652128275044635 11
-14.783599553703251 0.576907314742293 -22.00041621130407 11
-21.15899357494817 -8.6556923251042 -10.056595324919513 11
-24.55696890217584 -16.849476848967296 -4.302572517471297 11
-31.352023799472068 -20.858246998004937 -6.879815779928073 11
-27.56192021186492 -20.13152267967021 -6.129838577083282 11
-30.456905723980302 -21.12491716549021 -4.3884519015000265 11
-26.055985574294045 -13.907300233034077 -6.836530401600484 11
-19.612845204754247 -1.6133652644352663 -13.303979534792035 11
-28.31739767899812 -22.889297514423813 -4.6369399798822 11
-25.217206059728994 -19.012767549398497 -3.9490131185392503 11
-4.099965953529404 -2.6567415712115614 10.831614244195102 11
-21.802505408427137 -15.009745377668377 -5.020585149378611 11
-21.74259711828245 -10.351460287667038 -7.684310519349927 11
-34.677853706645486 -24.43796827465797 -6.036309771600267 11
18.457373188673564 39.87738756811062 -30.412017670482477 11
-15.64141143456553 -2.67154404419267 -9.991645197795524 11
-15.89516804197331 -5.866940453951063 -12.702154568338038 11
-26.60810767252906 -17.508100056260748 -6.151735254396658 11
-26.449756069329997 -19.89170454818874 -3.4854564717083036 11
-19.44021145872692 -6.5803547679032945 -9.648447729637157 11
-24.565921885516776 -7.799395900222954 -0.8983765947728966 11
-6.180620555025734 1.2832732750261293 -15.079779453019725 11
-28.143141908212367 -17.542319686610874 -5.872650079639969 11
-29.41023670541455 -20.654768242855987 -5.404173836846617 11
-32.165752557415104 -20.800474589731913 -10.185536042380797 11
-17.304043812223732 -4.619990563794586 -9.323479800903193 11
-27.10725275972558 -18.772231246913 -3.6980429819010983 11
-27.10725275972558 -18.772231246913 -3.6980429819010983 11
-30.193855496604982 -22.862649851288268 -3.070200216658524 11
-16.378707502458983 0.12252972217590097 -13.075772957525494 11
-30.180848221577627 -18.561161804312686 -5.36297173661335 11
-18.575760353491635 -7.33069935109898 -7.444945456063142 11
-12.347371076085654 3.064692812947367 -18.064120968751787 11
-25.877026897083827 -15.875089048316756 -8.978773113752057 11
-27.817007131720874 -13.952754017511554 -12.350899329430547 11
-22.971000291192873 -13.745050902207364 0.10769706677347379 11
-32.61658588298911 -22.265687561731305 -5.68799850733553 11
-31.24491792980957 -21.34760606864957 -6.4005378840885765 11
-26.26700025197951 -18.231517795781993 -4.596405582201191 11
-29.868758158337837 -18.810214492464567 -5.582850703169491 11
-26.55688201134748 -15.080874238099053 1.5870655941553533 11
-20.5286975509801 -9.122978487812935 -9.935474127868815 11
-16.71982334090924 -6.487348720064707 -9.612338556869789 11
-23.868258553812446 -14.451984887928624 -7.6995965340980055 11
-25.189475705992898 -16.710560653252042 -8.970211010630925 11
-27.218891778566217 -19.408345862033833 -3.4766810378573325 11
-23.744858734157106 -16.386165136004987 -3.623755779021577 11
-19.079622987448534 -4.801602455159736 -2.90499417010271 11
-25.031258209334304 -17.085756656172165 -3.830830669605053 11
-22.349946417269894 -13.394569176593047 -3.863581764649288 11
-22.038663509257447 -12.118153666855312 -9.366092997346605 11
-24.985867404544667 -16.44048339840965 -4.525930457634885 11
-14.89765371163408 -6.292472808013278 -8.763930416487213 11
-1.5126355649063035 17.608539974407424 -9.630486677827896 11
